Date,Time,Cow ID,Lying Time (min),Standing Time (min),Eating Time (min),Not Recognized (min),Temperature (°C),Weather Condition,Camera Field
2022-11-03,00:00,Cow_1,8,4,3,0,30.0,Clear,Field B
2022-11-03,00:00,Cow_2,7,7,1,0,30.0,Clear,Field B
2022-11-03,00:00,Cow_3,5,4,6,0,30.0,Clear,Field B
2022-11-03,00:00,Cow_4,9,0,7,0,30.0,Clear,Field B
2022-11-03,00:00,Cow_5,6,3,6,0,30.0,Clear,Field B
2022-11-03,00:00,Cow_6,14,0,8,0,30.0,Clear,Field C
2022-11-03,00:00,Cow_7,10,0,5,0,30.0,Clear,Field C
2022-11-03,00:00,Cow_8,8,3,4,0,30.0,Clear,Field B
2022-11-03,00:00,Cow_9,0,0,0,15,30.0,Clear,Field B
2022-11-03,00:00,Cow_10,12,8,0,0,30.0,Clear,Field C
2022-11-03,00:00,Cow_11,9,3,3,0,30.0,Clear,Field C
2022-11-03,00:00,Cow_12,7,4,4,0,30.0,Clear,Field C
2022-11-03,00:00,Cow_13,11,0,5,0,30.0,Clear,Field C
2022-11-03,00:00,Cow_14,7,9,0,0,30.0,Clear,Field C
2022-11-03,00:00,Cow_15,15,0,8,0,30.0,Clear,Field B
2022-11-03,00:00,Cow_16,5,6,4,0,30.0,Clear,Field C
2022-11-03,00:00,Cow_17,13,6,0,0,30.0,Clear,Field B
2022-11-03,00:00,Cow_18,14,9,0,0,30.0,Clear,Field B
2022-11-03,00:00,Cow_19,5,6,4,0,30.0,Clear,Field C
2022-11-03,00:00,Cow_20,0,9,8,0,30.0,Clear,Field B
2022-11-03,00:00,Cow_21,8,4,3,0,30.0,Clear,Field B
2022-11-03,00:00,Cow_22,0,0,0,15,30.0,Clear,Field A
2022-11-03,00:00,Cow_23,5,4,6,0,30.0,Clear,Field C
2022-11-03,00:00,Cow_24,5,4,6,0,30.0,Clear,Field A
2022-11-03,00:00,Cow_25,0,9,6,0,30.0,Clear,Field A
2022-11-03,00:00,Cow_26,5,7,3,0,30.0,Clear,Field B
2022-11-03,00:00,Cow_27,10,4,1,0,30.0,Clear,Field A
2022-11-03,00:00,Cow_28,5,3,7,0,30.0,Clear,Field B
2022-11-03,00:00,Cow_29,9,3,3,0,30.0,Clear,Field B
2022-11-03,00:00,Cow_30,12,9,0,0,30.0,Clear,Field A
2022-11-03,00:00,Cow_31,10,7,0,0,30.0,Clear,Field B
2022-11-03,00:00,Cow_32,1,6,8,0,30.0,Clear,Field C
2022-11-03,00:00,Cow_33,8,5,2,0,30.0,Clear,Field B
2022-11-03,00:00,Cow_34,14,4,0,0,30.0,Clear,Field B
2022-11-03,00:00,Cow_35,10,7,0,0,30.0,Clear,Field C
2022-11-03,00:00,Cow_36,5,5,5,0,30.0,Clear,Field A
2022-11-03,00:00,Cow_37,7,3,5,0,30.0,Clear,Field C
2022-11-03,00:00,Cow_38,7,3,5,0,30.0,Clear,Field C
2022-11-03,00:00,Cow_39,3,6,6,0,30.0,Clear,Field A
2022-11-03,00:00,Cow_40,10,5,0,0,30.0,Clear,Field B
2022-11-03,00:00,Cow_41,14,0,3,0,30.0,Clear,Field B
2022-11-03,00:00,Cow_42,12,10,0,0,30.0,Clear,Field A
2022-11-03,00:00,Cow_43,9,4,2,0,30.0,Clear,Field B
2022-11-03,00:00,Cow_44,2,6,7,0,30.0,Clear,Field C
2022-11-03,00:00,Cow_45,13,10,0,0,30.0,Clear,Field B
2022-11-03,00:00,Cow_46,0,0,0,15,30.0,Clear,Field B
2022-11-03,00:00,Cow_47,10,6,0,0,30.0,Clear,Field B
2022-11-03,00:00,Cow_48,5,6,4,0,30.0,Clear,Field B
2022-11-03,00:00,Cow_49,11,0,6,0,30.0,Clear,Field A
2022-11-03,00:15,Cow_1,12,0,4,0,28.9,Sunny,Field A
2022-11-03,00:15,Cow_2,6,4,5,0,28.9,Sunny,Field B
2022-11-03,00:15,Cow_3,0,0,0,15,28.9,Sunny,Field A
2022-11-03,00:15,Cow_4,11,4,0,0,28.9,Sunny,Field C
2022-11-03,00:15,Cow_5,9,7,0,0,28.9,Sunny,Field C
2022-11-03,00:15,Cow_6,5,7,3,0,28.9,Sunny,Field B
2022-11-03,00:15,Cow_7,5,10,0,0,28.9,Sunny,Field B
2022-11-03,00:15,Cow_8,5,8,2,0,28.9,Sunny,Field A
2022-11-03,00:15,Cow_9,9,3,3,0,28.9,Sunny,Field C
2022-11-03,00:15,Cow_10,14,0,5,0,28.9,Sunny,Field B
2022-11-03,00:15,Cow_11,9,3,3,0,28.9,Sunny,Field A
2022-11-03,00:15,Cow_12,13,10,0,0,28.9,Sunny,Field C
2022-11-03,00:15,Cow_13,0,0,0,15,28.9,Sunny,Field B
2022-11-03,00:15,Cow_14,0,0,0,15,28.9,Sunny,Field B
2022-11-03,00:15,Cow_15,12,12,0,0,28.9,Sunny,Field B
2022-11-03,00:15,Cow_16,11,1,3,0,28.9,Sunny,Field A
2022-11-03,00:15,Cow_17,0,9,6,0,28.9,Sunny,Field B
2022-11-03,00:15,Cow_18,14,0,8,0,28.9,Sunny,Field B
2022-11-03,00:15,Cow_19,0,9,8,0,28.9,Sunny,Field B
2022-11-03,00:15,Cow_20,3,5,7,0,28.9,Sunny,Field B
2022-11-03,00:15,Cow_21,0,0,0,15,28.9,Sunny,Field A
2022-11-03,00:15,Cow_22,0,0,0,15,28.9,Sunny,Field C
2022-11-03,00:15,Cow_23,0,10,7,0,28.9,Sunny,Field B
2022-11-03,00:15,Cow_24,8,3,4,0,28.9,Sunny,Field B
2022-11-03,00:15,Cow_25,0,0,0,15,28.9,Sunny,Field C
2022-11-03,00:15,Cow_26,6,8,1,0,28.9,Sunny,Field A
2022-11-03,00:15,Cow_27,7,3,5,0,28.9,Sunny,Field B
2022-11-03,00:15,Cow_28,13,0,3,0,28.9,Sunny,Field C
2022-11-03,00:15,Cow_29,14,5,0,0,28.9,Sunny,Field C
2022-11-03,00:15,Cow_30,8,0,7,0,28.9,Sunny,Field A
2022-11-03,00:15,Cow_31,0,8,8,0,28.9,Sunny,Field B
2022-11-03,00:15,Cow_32,5,6,4,0,28.9,Sunny,Field A
2022-11-03,00:15,Cow_33,4,8,3,0,28.9,Sunny,Field C
2022-11-03,00:15,Cow_34,7,10,0,0,28.9,Sunny,Field A
2022-11-03,00:15,Cow_35,4,8,3,0,28.9,Sunny,Field A
2022-11-03,00:15,Cow_36,9,10,0,0,28.9,Sunny,Field C
2022-11-03,00:15,Cow_37,10,5,0,0,28.9,Sunny,Field A
2022-11-03,00:15,Cow_38,14,9,0,0,28.9,Sunny,Field B
2022-11-03,00:15,Cow_39,12,3,0,0,28.9,Sunny,Field B
2022-11-03,00:15,Cow_40,8,0,7,0,28.9,Sunny,Field C
2022-11-03,00:15,Cow_41,8,6,1,0,28.9,Sunny,Field C
2022-11-03,00:15,Cow_42,9,4,2,0,28.9,Sunny,Field C
2022-11-03,00:15,Cow_43,0,8,7,0,28.9,Sunny,Field A
2022-11-03,00:15,Cow_44,0,0,0,15,28.9,Sunny,Field B
2022-11-03,00:15,Cow_45,3,8,4,0,28.9,Sunny,Field B
2022-11-03,00:15,Cow_46,7,5,3,0,28.9,Sunny,Field C
2022-11-03,00:15,Cow_47,3,6,6,0,28.9,Sunny,Field C
2022-11-03,00:15,Cow_48,6,6,3,0,28.9,Sunny,Field A
2022-11-03,00:15,Cow_49,0,10,8,0,28.9,Sunny,Field A
2022-11-03,00:30,Cow_1,7,2,6,0,30.8,Clear,Field A
2022-11-03,00:30,Cow_2,7,9,0,0,30.8,Clear,Field C
2022-11-03,00:30,Cow_3,13,0,5,0,30.8,Clear,Field C
2022-11-03,00:30,Cow_4,6,2,7,0,30.8,Clear,Field A
2022-11-03,00:30,Cow_5,6,5,4,0,30.8,Clear,Field C
2022-11-03,00:30,Cow_6,12,0,7,0,30.8,Clear,Field A
2022-11-03,00:30,Cow_7,8,3,4,0,30.8,Clear,Field C
2022-11-03,00:30,Cow_8,0,11,9,0,30.8,Clear,Field A
2022-11-03,00:30,Cow_9,9,3,3,0,30.8,Clear,Field C
2022-11-03,00:30,Cow_10,8,7,0,0,30.8,Clear,Field B
2022-11-03,00:30,Cow_11,2,7,6,0,30.8,Clear,Field C
2022-11-03,00:30,Cow_12,9,9,0,0,30.8,Clear,Field C
2022-11-03,00:30,Cow_13,0,0,0,15,30.8,Clear,Field C
2022-11-03,00:30,Cow_14,5,3,7,0,30.8,Clear,Field B
2022-11-03,00:30,Cow_15,14,9,0,0,30.8,Clear,Field A
2022-11-03,00:30,Cow_16,8,5,2,0,30.8,Clear,Field C
2022-11-03,00:30,Cow_17,1,9,5,0,30.8,Clear,Field C
2022-11-03,00:30,Cow_18,6,6,3,0,30.8,Clear,Field B
2022-11-03,00:30,Cow_19,0,0,0,15,30.8,Clear,Field B
2022-11-03,00:30,Cow_20,8,3,4,0,30.8,Clear,Field B
2022-11-03,00:30,Cow_21,6,6,3,0,30.8,Clear,Field A
2022-11-03,00:30,Cow_22,13,3,0,0,30.8,Clear,Field B
2022-11-03,00:30,Cow_23,0,0,0,15,30.8,Clear,Field C
2022-11-03,00:30,Cow_24,11,7,0,0,30.8,Clear,Field C
2022-11-03,00:30,Cow_25,5,5,5,0,30.8,Clear,Field B
2022-11-03,00:30,Cow_26,4,7,4,0,30.8,Clear,Field C
2022-11-03,00:30,Cow_27,15,0,5,0,30.8,Clear,Field B
2022-11-03,00:30,Cow_28,8,3,4,0,30.8,Clear,Field B
2022-11-03,00:30,Cow_29,2,5,8,0,30.8,Clear,Field C
2022-11-03,00:30,Cow_30,2,7,6,0,30.8,Clear,Field B
2022-11-03,00:30,Cow_31,8,3,4,0,30.8,Clear,Field C
2022-11-03,00:30,Cow_32,10,0,7,0,30.8,Clear,Field C
2022-11-03,00:30,Cow_33,10,1,4,0,30.8,Clear,Field A
2022-11-03,00:30,Cow_34,13,0,7,0,30.8,Clear,Field B
2022-11-03,00:30,Cow_35,9,10,0,0,30.8,Clear,Field B
2022-11-03,00:30,Cow_36,5,8,2,0,30.8,Clear,Field B
2022-11-03,00:30,Cow_37,10,4,1,0,30.8,Clear,Field A
2022-11-03,00:30,Cow_38,7,4,4,0,30.8,Clear,Field A
2022-11-03,00:30,Cow_39,4,7,4,0,30.8,Clear,Field C
2022-11-03,00:30,Cow_40,12,0,5,0,30.8,Clear,Field B
2022-11-03,00:30,Cow_41,8,4,3,0,30.8,Clear,Field A
2022-11-03,00:30,Cow_42,8,4,3,0,30.8,Clear,Field C
2022-11-03,00:30,Cow_43,13,7,0,0,30.8,Clear,Field A
2022-11-03,00:30,Cow_44,5,4,6,0,30.8,Clear,Field A
2022-11-03,00:30,Cow_45,13,0,5,0,30.8,Clear,Field B
2022-11-03,00:30,Cow_46,6,4,5,0,30.8,Clear,Field A
2022-11-03,00:30,Cow_47,14,0,8,0,30.8,Clear,Field A
2022-11-03,00:30,Cow_48,11,0,6,0,30.8,Clear,Field C
2022-11-03,00:30,Cow_49,0,9,8,0,30.8,Clear,Field C
2022-11-03,00:45,Cow_1,7,5,3,0,30.9,Clear,Field A
2022-11-03,00:45,Cow_2,2,7,6,0,30.9,Clear,Field A
2022-11-03,00:45,Cow_3,8,8,0,0,30.9,Clear,Field C
2022-11-03,00:45,Cow_4,13,0,6,0,30.9,Clear,Field C
2022-11-03,00:45,Cow_5,7,3,5,0,30.9,Clear,Field A
2022-11-03,00:45,Cow_6,0,8,8,0,30.9,Clear,Field C
2022-11-03,00:45,Cow_7,7,10,0,0,30.9,Clear,Field C
2022-11-03,00:45,Cow_8,0,8,7,0,30.9,Clear,Field B
2022-11-03,00:45,Cow_9,6,4,5,0,30.9,Clear,Field C
2022-11-03,00:45,Cow_10,7,4,4,0,30.9,Clear,Field C
2022-11-03,00:45,Cow_11,4,5,6,0,30.9,Clear,Field C
2022-11-03,00:45,Cow_12,6,9,0,0,30.9,Clear,Field C
2022-11-03,00:45,Cow_13,13,0,4,0,30.9,Clear,Field A
2022-11-03,00:45,Cow_14,2,9,4,0,30.9,Clear,Field A
2022-11-03,00:45,Cow_15,5,8,2,0,30.9,Clear,Field C
2022-11-03,00:45,Cow_16,0,8,10,0,30.9,Clear,Field A
2022-11-03,00:45,Cow_17,0,10,8,0,30.9,Clear,Field B
2022-11-03,00:45,Cow_18,8,1,6,0,30.9,Clear,Field B
2022-11-03,00:45,Cow_19,14,0,6,0,30.9,Clear,Field A
2022-11-03,00:45,Cow_20,13,8,0,0,30.9,Clear,Field C
2022-11-03,00:45,Cow_21,3,7,5,0,30.9,Clear,Field A
2022-11-03,00:45,Cow_22,8,1,6,0,30.9,Clear,Field B
2022-11-03,00:45,Cow_23,10,9,0,0,30.9,Clear,Field A
2022-11-03,00:45,Cow_24,8,3,4,0,30.9,Clear,Field B
2022-11-03,00:45,Cow_25,6,4,5,0,30.9,Clear,Field B
2022-11-03,00:45,Cow_26,8,0,8,0,30.9,Clear,Field B
2022-11-03,00:45,Cow_27,0,0,0,15,30.9,Clear,Field C
2022-11-03,00:45,Cow_28,0,9,7,0,30.9,Clear,Field C
2022-11-03,00:45,Cow_29,14,5,0,0,30.9,Clear,Field B
2022-11-03,00:45,Cow_30,8,4,3,0,30.9,Clear,Field C
2022-11-03,00:45,Cow_31,10,8,0,0,30.9,Clear,Field C
2022-11-03,00:45,Cow_32,15,0,9,0,30.9,Clear,Field A
2022-11-03,00:45,Cow_33,1,10,4,0,30.9,Clear,Field B
2022-11-03,00:45,Cow_34,9,8,0,0,30.9,Clear,Field C
2022-11-03,00:45,Cow_35,9,3,3,0,30.9,Clear,Field A
2022-11-03,00:45,Cow_36,6,2,7,0,30.9,Clear,Field C
2022-11-03,00:45,Cow_37,13,6,0,0,30.9,Clear,Field A
2022-11-03,00:45,Cow_38,0,9,6,0,30.9,Clear,Field C
2022-11-03,00:45,Cow_39,14,4,0,0,30.9,Clear,Field B
2022-11-03,00:45,Cow_40,6,4,5,0,30.9,Clear,Field C
2022-11-03,00:45,Cow_41,5,4,6,0,30.9,Clear,Field A
2022-11-03,00:45,Cow_42,4,6,5,0,30.9,Clear,Field B
2022-11-03,00:45,Cow_43,10,0,6,0,30.9,Clear,Field A
2022-11-03,00:45,Cow_44,13,5,0,0,30.9,Clear,Field A
2022-11-03,00:45,Cow_45,0,0,0,15,30.9,Clear,Field A
2022-11-03,00:45,Cow_46,12,3,0,0,30.9,Clear,Field C
2022-11-03,00:45,Cow_47,1,6,8,0,30.9,Clear,Field B
2022-11-03,00:45,Cow_48,5,4,6,0,30.9,Clear,Field C
2022-11-03,00:45,Cow_49,1,10,4,0,30.9,Clear,Field C
2022-11-03,01:00,Cow_1,5,3,7,0,28.1,Rainy,Field A
2022-11-03,01:00,Cow_2,12,5,0,0,28.1,Rainy,Field A
2022-11-03,01:00,Cow_3,14,0,6,0,28.1,Rainy,Field C
2022-11-03,01:00,Cow_4,14,7,0,0,28.1,Rainy,Field B
2022-11-03,01:00,Cow_5,4,3,8,0,28.1,Rainy,Field A
2022-11-03,01:00,Cow_6,11,0,7,0,28.1,Rainy,Field A
2022-11-03,01:00,Cow_7,1,8,6,0,28.1,Rainy,Field B
2022-11-03,01:00,Cow_8,6,3,6,0,28.1,Rainy,Field A
2022-11-03,01:00,Cow_9,0,0,0,15,28.1,Rainy,Field B
2022-11-03,01:00,Cow_10,8,8,0,0,28.1,Rainy,Field C
2022-11-03,01:00,Cow_11,13,0,7,0,28.1,Rainy,Field B
2022-11-03,01:00,Cow_12,5,5,5,0,28.1,Rainy,Field B
2022-11-03,01:00,Cow_13,10,9,0,0,28.1,Rainy,Field B
2022-11-03,01:00,Cow_14,8,4,3,0,28.1,Rainy,Field A
2022-11-03,01:00,Cow_15,12,3,0,0,28.1,Rainy,Field B
2022-11-03,01:00,Cow_16,12,1,2,0,28.1,Rainy,Field A
2022-11-03,01:00,Cow_17,2,7,6,0,28.1,Rainy,Field B
2022-11-03,01:00,Cow_18,9,3,3,0,28.1,Rainy,Field A
2022-11-03,01:00,Cow_19,0,0,0,15,28.1,Rainy,Field C
2022-11-03,01:00,Cow_20,4,3,8,0,28.1,Rainy,Field B
2022-11-03,01:00,Cow_21,5,7,3,0,28.1,Rainy,Field A
2022-11-03,01:00,Cow_22,9,5,1,0,28.1,Rainy,Field C
2022-11-03,01:00,Cow_23,7,3,5,0,28.1,Rainy,Field A
2022-11-03,01:00,Cow_24,12,7,0,0,28.1,Rainy,Field C
2022-11-03,01:00,Cow_25,7,3,5,0,28.1,Rainy,Field A
2022-11-03,01:00,Cow_26,7,3,5,0,28.1,Rainy,Field A
2022-11-03,01:00,Cow_27,5,8,2,0,28.1,Rainy,Field A
2022-11-03,01:00,Cow_28,14,8,0,0,28.1,Rainy,Field A
2022-11-03,01:00,Cow_29,14,0,3,0,28.1,Rainy,Field C
2022-11-03,01:00,Cow_30,9,3,3,0,28.1,Rainy,Field C
2022-11-03,01:00,Cow_31,11,3,1,0,28.1,Rainy,Field A
2022-11-03,01:00,Cow_32,1,12,2,0,28.1,Rainy,Field A
2022-11-03,01:00,Cow_33,13,9,0,0,28.1,Rainy,Field A
2022-11-03,01:00,Cow_34,12,0,7,0,28.1,Rainy,Field C
2022-11-03,01:00,Cow_35,0,0,0,15,28.1,Rainy,Field C
2022-11-03,01:00,Cow_36,6,6,3,0,28.1,Rainy,Field C
2022-11-03,01:00,Cow_37,0,0,0,15,28.1,Rainy,Field C
2022-11-03,01:00,Cow_38,7,1,7,0,28.1,Rainy,Field A
2022-11-03,01:00,Cow_39,13,12,0,0,28.1,Rainy,Field B
2022-11-03,01:00,Cow_40,4,9,2,0,28.1,Rainy,Field C
2022-11-03,01:00,Cow_41,10,3,2,0,28.1,Rainy,Field A
2022-11-03,01:00,Cow_42,11,0,8,0,28.1,Rainy,Field B
2022-11-03,01:00,Cow_43,6,2,7,0,28.1,Rainy,Field A
2022-11-03,01:00,Cow_44,12,0,8,0,28.1,Rainy,Field B
2022-11-03,01:00,Cow_45,10,8,0,0,28.1,Rainy,Field B
2022-11-03,01:00,Cow_46,4,8,3,0,28.1,Rainy,Field A
2022-11-03,01:00,Cow_47,8,4,3,0,28.1,Rainy,Field B
2022-11-03,01:00,Cow_48,8,3,4,0,28.1,Rainy,Field A
2022-11-03,01:00,Cow_49,8,0,8,0,28.1,Rainy,Field C
2022-11-03,01:15,Cow_1,7,2,6,0,25.7,Clear,Field C
2022-11-03,01:15,Cow_2,6,7,2,0,25.7,Clear,Field A
2022-11-03,01:15,Cow_3,5,2,8,0,25.7,Clear,Field B
2022-11-03,01:15,Cow_4,6,2,7,0,25.7,Clear,Field B
2022-11-03,01:15,Cow_5,5,6,4,0,25.7,Clear,Field B
2022-11-03,01:15,Cow_6,11,0,8,0,25.7,Clear,Field A
2022-11-03,01:15,Cow_7,3,8,4,0,25.7,Clear,Field C
2022-11-03,01:15,Cow_8,4,9,2,0,25.7,Clear,Field B
2022-11-03,01:15,Cow_9,0,0,0,15,25.7,Clear,Field B
2022-11-03,01:15,Cow_10,9,5,1,0,25.7,Clear,Field C
2022-11-03,01:15,Cow_11,9,2,4,0,25.7,Clear,Field B
2022-11-03,01:15,Cow_12,6,10,0,0,25.7,Clear,Field A
2022-11-03,01:15,Cow_13,9,3,3,0,25.7,Clear,Field B
2022-11-03,01:15,Cow_14,11,1,3,0,25.7,Clear,Field C
2022-11-03,01:15,Cow_15,9,10,0,0,25.7,Clear,Field C
2022-11-03,01:15,Cow_16,0,9,10,0,25.7,Clear,Field B
2022-11-03,01:15,Cow_17,10,10,0,0,25.7,Clear,Field B
2022-11-03,01:15,Cow_18,3,7,5,0,25.7,Clear,Field C
2022-11-03,01:15,Cow_19,0,12,9,0,25.7,Clear,Field B
2022-11-03,01:15,Cow_20,0,0,0,15,25.7,Clear,Field A
2022-11-03,01:15,Cow_21,5,7,3,0,25.7,Clear,Field A
2022-11-03,01:15,Cow_22,0,0,0,15,25.7,Clear,Field B
2022-11-03,01:15,Cow_23,7,9,0,0,25.7,Clear,Field B
2022-11-03,01:15,Cow_24,7,9,0,0,25.7,Clear,Field B
2022-11-03,01:15,Cow_25,10,5,0,0,25.7,Clear,Field A
2022-11-03,01:15,Cow_26,13,0,8,0,25.7,Clear,Field C
2022-11-03,01:15,Cow_27,7,0,8,0,25.7,Clear,Field B
2022-11-03,01:15,Cow_28,14,0,5,0,25.7,Clear,Field A
2022-11-03,01:15,Cow_29,2,9,4,0,25.7,Clear,Field B
2022-11-03,01:15,Cow_30,2,9,4,0,25.7,Clear,Field B
2022-11-03,01:15,Cow_31,2,6,7,0,25.7,Clear,Field C
2022-11-03,01:15,Cow_32,2,4,9,0,25.7,Clear,Field B
2022-11-03,01:15,Cow_33,13,0,7,0,25.7,Clear,Field B
2022-11-03,01:15,Cow_34,2,6,7,0,25.7,Clear,Field A
2022-11-03,01:15,Cow_35,5,6,4,0,25.7,Clear,Field B
2022-11-03,01:15,Cow_36,12,0,5,0,25.7,Clear,Field C
2022-11-03,01:15,Cow_37,0,10,7,0,25.7,Clear,Field C
2022-11-03,01:15,Cow_38,7,4,4,0,25.7,Clear,Field B
2022-11-03,01:15,Cow_39,9,3,3,0,25.7,Clear,Field A
2022-11-03,01:15,Cow_40,5,6,4,0,25.7,Clear,Field A
2022-11-03,01:15,Cow_41,7,6,2,0,25.7,Clear,Field A
2022-11-03,01:15,Cow_42,12,0,9,0,25.7,Clear,Field A
2022-11-03,01:15,Cow_43,5,10,0,0,25.7,Clear,Field A
2022-11-03,01:15,Cow_44,3,8,4,0,25.7,Clear,Field B
2022-11-03,01:15,Cow_45,3,7,5,0,25.7,Clear,Field A
2022-11-03,01:15,Cow_46,11,9,0,0,25.7,Clear,Field B
2022-11-03,01:15,Cow_47,8,2,5,0,25.7,Clear,Field C
2022-11-03,01:15,Cow_48,0,0,0,15,25.7,Clear,Field A
2022-11-03,01:15,Cow_49,8,0,8,0,25.7,Clear,Field C
2022-11-03,01:30,Cow_1,14,5,0,0,24.1,Cloudy,Field A
2022-11-03,01:30,Cow_2,11,4,0,0,24.1,Cloudy,Field A
2022-11-03,01:30,Cow_3,8,10,0,0,24.1,Cloudy,Field A
2022-11-03,01:30,Cow_4,11,0,4,0,24.1,Cloudy,Field C
2022-11-03,01:30,Cow_5,13,9,0,0,24.1,Cloudy,Field A
2022-11-03,01:30,Cow_6,1,10,4,0,24.1,Cloudy,Field C
2022-11-03,01:30,Cow_7,3,6,6,0,24.1,Cloudy,Field B
2022-11-03,01:30,Cow_8,13,3,0,0,24.1,Cloudy,Field A
2022-11-03,01:30,Cow_9,7,9,0,0,24.1,Cloudy,Field B
2022-11-03,01:30,Cow_10,0,8,8,0,24.1,Cloudy,Field A
2022-11-03,01:30,Cow_11,7,10,0,0,24.1,Cloudy,Field A
2022-11-03,01:30,Cow_12,4,6,5,0,24.1,Cloudy,Field B
2022-11-03,01:30,Cow_13,4,8,3,0,24.1,Cloudy,Field C
2022-11-03,01:30,Cow_14,10,5,0,0,24.1,Cloudy,Field B
2022-11-03,01:30,Cow_15,0,0,0,15,24.1,Cloudy,Field B
2022-11-03,01:30,Cow_16,9,0,9,0,24.1,Cloudy,Field A
2022-11-03,01:30,Cow_17,6,2,7,0,24.1,Cloudy,Field A
2022-11-03,01:30,Cow_18,5,6,4,0,24.1,Cloudy,Field B
2022-11-03,01:30,Cow_19,14,0,10,0,24.1,Cloudy,Field B
2022-11-03,01:30,Cow_20,13,5,0,0,24.1,Cloudy,Field B
2022-11-03,01:30,Cow_21,0,10,8,0,24.1,Cloudy,Field A
2022-11-03,01:30,Cow_22,12,11,0,0,24.1,Cloudy,Field B
2022-11-03,01:30,Cow_23,3,5,7,0,24.1,Cloudy,Field A
2022-11-03,01:30,Cow_24,9,3,3,0,24.1,Cloudy,Field C
2022-11-03,01:30,Cow_25,6,1,8,0,24.1,Cloudy,Field B
2022-11-03,01:30,Cow_26,14,0,5,0,24.1,Cloudy,Field B
2022-11-03,01:30,Cow_27,11,3,1,0,24.1,Cloudy,Field B
2022-11-03,01:30,Cow_28,5,2,8,0,24.1,Cloudy,Field C
2022-11-03,01:30,Cow_29,14,0,6,0,24.1,Cloudy,Field A
2022-11-03,01:30,Cow_30,7,3,5,0,24.1,Cloudy,Field C
2022-11-03,01:30,Cow_31,8,4,3,0,24.1,Cloudy,Field A
2022-11-03,01:30,Cow_32,10,0,10,0,24.1,Cloudy,Field A
2022-11-03,01:30,Cow_33,0,9,7,0,24.1,Cloudy,Field C
2022-11-03,01:30,Cow_34,8,4,3,0,24.1,Cloudy,Field C
2022-11-03,01:30,Cow_35,2,7,6,0,24.1,Cloudy,Field C
2022-11-03,01:30,Cow_36,8,3,4,0,24.1,Cloudy,Field C
2022-11-03,01:30,Cow_37,14,0,5,0,24.1,Cloudy,Field B
2022-11-03,01:30,Cow_38,6,2,7,0,24.1,Cloudy,Field B
2022-11-03,01:30,Cow_39,15,6,0,0,24.1,Cloudy,Field C
2022-11-03,01:30,Cow_40,0,0,0,15,24.1,Cloudy,Field A
2022-11-03,01:30,Cow_41,13,0,6,0,24.1,Cloudy,Field B
2022-11-03,01:30,Cow_42,14,10,0,0,24.1,Cloudy,Field A
2022-11-03,01:30,Cow_43,6,7,2,0,24.1,Cloudy,Field B
2022-11-03,01:30,Cow_44,9,0,8,0,24.1,Cloudy,Field A
2022-11-03,01:30,Cow_45,2,5,8,0,24.1,Cloudy,Field A
2022-11-03,01:30,Cow_46,5,4,6,0,24.1,Cloudy,Field A
2022-11-03,01:30,Cow_47,12,7,0,0,24.1,Cloudy,Field A
2022-11-03,01:30,Cow_48,13,0,8,0,24.1,Cloudy,Field A
2022-11-03,01:30,Cow_49,12,0,7,0,24.1,Cloudy,Field B
2022-11-03,01:45,Cow_1,0,0,0,15,31.9,Clear,Field A
2022-11-03,01:45,Cow_2,12,8,0,0,31.9,Clear,Field B
2022-11-03,01:45,Cow_3,8,4,3,0,31.9,Clear,Field A
2022-11-03,01:45,Cow_4,11,1,3,0,31.9,Clear,Field B
2022-11-03,01:45,Cow_5,12,0,4,0,31.9,Clear,Field B
2022-11-03,01:45,Cow_6,9,10,0,0,31.9,Clear,Field A
2022-11-03,01:45,Cow_7,5,6,4,0,31.9,Clear,Field C
2022-11-03,01:45,Cow_8,0,10,7,0,31.9,Clear,Field A
2022-11-03,01:45,Cow_9,0,9,8,0,31.9,Clear,Field A
2022-11-03,01:45,Cow_10,13,3,0,0,31.9,Clear,Field B
2022-11-03,01:45,Cow_11,10,6,0,0,31.9,Clear,Field C
2022-11-03,01:45,Cow_12,11,1,3,0,31.9,Clear,Field B
2022-11-03,01:45,Cow_13,6,3,6,0,31.9,Clear,Field C
2022-11-03,01:45,Cow_14,12,3,0,0,31.9,Clear,Field C
2022-11-03,01:45,Cow_15,1,7,7,0,31.9,Clear,Field C
2022-11-03,01:45,Cow_16,11,0,10,0,31.9,Clear,Field B
2022-11-03,01:45,Cow_17,4,6,5,0,31.9,Clear,Field A
2022-11-03,01:45,Cow_18,14,0,6,0,31.9,Clear,Field C
2022-11-03,01:45,Cow_19,9,4,2,0,31.9,Clear,Field C
2022-11-03,01:45,Cow_20,8,0,7,0,31.9,Clear,Field C
2022-11-03,01:45,Cow_21,7,2,6,0,31.9,Clear,Field B
2022-11-03,01:45,Cow_22,5,0,10,0,31.9,Clear,Field C
2022-11-03,01:45,Cow_23,5,3,7,0,31.9,Clear,Field C
2022-11-03,01:45,Cow_24,14,5,0,0,31.9,Clear,Field A
2022-11-03,01:45,Cow_25,0,8,8,0,31.9,Clear,Field A
2022-11-03,01:45,Cow_26,5,5,5,0,31.9,Clear,Field C
2022-11-03,01:45,Cow_27,11,0,9,0,31.9,Clear,Field C
2022-11-03,01:45,Cow_28,14,0,7,0,31.9,Clear,Field C
2022-11-03,01:45,Cow_29,5,8,2,0,31.9,Clear,Field A
2022-11-03,01:45,Cow_30,8,4,3,0,31.9,Clear,Field B
2022-11-03,01:45,Cow_31,12,0,8,0,31.9,Clear,Field B
2022-11-03,01:45,Cow_32,0,11,4,0,31.9,Clear,Field A
2022-11-03,01:45,Cow_33,12,5,0,0,31.9,Clear,Field B
2022-11-03,01:45,Cow_34,0,0,0,15,31.9,Clear,Field B
2022-11-03,01:45,Cow_35,6,4,5,0,31.9,Clear,Field B
2022-11-03,01:45,Cow_36,6,3,6,0,31.9,Clear,Field B
2022-11-03,01:45,Cow_37,5,5,5,0,31.9,Clear,Field C
2022-11-03,01:45,Cow_38,0,8,8,0,31.9,Clear,Field C
2022-11-03,01:45,Cow_39,10,12,0,0,31.9,Clear,Field B
2022-11-03,01:45,Cow_40,6,3,6,0,31.9,Clear,Field A
2022-11-03,01:45,Cow_41,0,0,0,15,31.9,Clear,Field B
2022-11-03,01:45,Cow_42,0,10,9,0,31.9,Clear,Field B
2022-11-03,01:45,Cow_43,11,0,5,0,31.9,Clear,Field B
2022-11-03,01:45,Cow_44,2,6,7,0,31.9,Clear,Field C
2022-11-03,01:45,Cow_45,6,6,3,0,31.9,Clear,Field B
2022-11-03,01:45,Cow_46,13,8,0,0,31.9,Clear,Field B
2022-11-03,01:45,Cow_47,0,9,6,0,31.9,Clear,Field B
2022-11-03,01:45,Cow_48,2,6,7,0,31.9,Clear,Field A
2022-11-03,01:45,Cow_49,7,4,4,0,31.9,Clear,Field B
2022-11-03,02:00,Cow_1,5,8,2,0,34.8,Clear,Field C
2022-11-03,02:00,Cow_2,14,6,0,0,34.8,Clear,Field B
2022-11-03,02:00,Cow_3,5,4,6,0,34.8,Clear,Field C
2022-11-03,02:00,Cow_4,7,8,0,0,34.8,Clear,Field B
2022-11-03,02:00,Cow_5,12,3,0,0,34.8,Clear,Field B
2022-11-03,02:00,Cow_6,11,6,0,0,34.8,Clear,Field C
2022-11-03,02:00,Cow_7,7,6,2,0,34.8,Clear,Field A
2022-11-03,02:00,Cow_8,0,11,6,0,34.8,Clear,Field B
2022-11-03,02:00,Cow_9,0,0,0,15,34.8,Clear,Field C
2022-11-03,02:00,Cow_10,5,4,6,0,34.8,Clear,Field C
2022-11-03,02:00,Cow_11,10,0,8,0,34.8,Clear,Field A
2022-11-03,02:00,Cow_12,8,10,0,0,34.8,Clear,Field B
2022-11-03,02:00,Cow_13,5,6,4,0,34.8,Clear,Field C
2022-11-03,02:00,Cow_14,4,6,5,0,34.8,Clear,Field C
2022-11-03,02:00,Cow_15,6,4,5,0,34.8,Clear,Field A
2022-11-03,02:00,Cow_16,7,1,7,0,34.8,Clear,Field A
2022-11-03,02:00,Cow_17,9,3,3,0,34.8,Clear,Field C
2022-11-03,02:00,Cow_18,5,6,4,0,34.8,Clear,Field B
2022-11-03,02:00,Cow_19,12,7,0,0,34.8,Clear,Field C
2022-11-03,02:00,Cow_20,0,0,0,15,34.8,Clear,Field C
2022-11-03,02:00,Cow_21,11,8,0,0,34.8,Clear,Field A
2022-11-03,02:00,Cow_22,7,10,0,0,34.8,Clear,Field A
2022-11-03,02:00,Cow_23,14,0,8,0,34.8,Clear,Field C
2022-11-03,02:00,Cow_24,6,1,8,0,34.8,Clear,Field A
2022-11-03,02:00,Cow_25,6,1,8,0,34.8,Clear,Field C
2022-11-03,02:00,Cow_26,8,7,0,0,34.8,Clear,Field B
2022-11-03,02:00,Cow_27,6,4,5,0,34.8,Clear,Field A
2022-11-03,02:00,Cow_28,4,6,5,0,34.8,Clear,Field C
2022-11-03,02:00,Cow_29,3,7,5,0,34.8,Clear,Field C
2022-11-03,02:00,Cow_30,9,0,7,0,34.8,Clear,Field C
2022-11-03,02:00,Cow_31,14,5,0,0,34.8,Clear,Field A
2022-11-03,02:00,Cow_32,6,6,3,0,34.8,Clear,Field C
2022-11-03,02:00,Cow_33,13,5,0,0,34.8,Clear,Field B
2022-11-03,02:00,Cow_34,0,0,0,15,34.8,Clear,Field A
2022-11-03,02:00,Cow_35,7,4,4,0,34.8,Clear,Field A
2022-11-03,02:00,Cow_36,1,10,4,0,34.8,Clear,Field B
2022-11-03,02:00,Cow_37,7,5,3,0,34.8,Clear,Field C
2022-11-03,02:00,Cow_38,0,9,6,0,34.8,Clear,Field B
2022-11-03,02:00,Cow_39,7,8,0,0,34.8,Clear,Field B
2022-11-03,02:00,Cow_40,5,7,3,0,34.8,Clear,Field C
2022-11-03,02:00,Cow_41,0,7,8,0,34.8,Clear,Field B
2022-11-03,02:00,Cow_42,5,5,5,0,34.8,Clear,Field B
2022-11-03,02:00,Cow_43,12,7,0,0,34.8,Clear,Field C
2022-11-03,02:00,Cow_44,0,10,6,0,34.8,Clear,Field B
2022-11-03,02:00,Cow_45,8,3,4,0,34.8,Clear,Field C
2022-11-03,02:00,Cow_46,3,6,6,0,34.8,Clear,Field A
2022-11-03,02:00,Cow_47,11,5,0,0,34.8,Clear,Field A
2022-11-03,02:00,Cow_48,1,7,7,0,34.8,Clear,Field A
2022-11-03,02:00,Cow_49,0,0,0,15,34.8,Clear,Field A
2022-11-03,02:15,Cow_1,0,10,6,0,23.4,Rainy,Field A
2022-11-03,02:15,Cow_2,14,0,5,0,23.4,Rainy,Field A
2022-11-03,02:15,Cow_3,6,6,3,0,23.4,Rainy,Field B
2022-11-03,02:15,Cow_4,0,9,6,0,23.4,Rainy,Field C
2022-11-03,02:15,Cow_5,9,3,3,0,23.4,Rainy,Field C
2022-11-03,02:15,Cow_6,9,11,0,0,23.4,Rainy,Field C
2022-11-03,02:15,Cow_7,0,0,0,15,23.4,Rainy,Field B
2022-11-03,02:15,Cow_8,14,0,6,0,23.4,Rainy,Field C
2022-11-03,02:15,Cow_9,8,10,0,0,23.4,Rainy,Field C
2022-11-03,02:15,Cow_10,11,8,0,0,23.4,Rainy,Field C
2022-11-03,02:15,Cow_11,6,3,6,0,23.4,Rainy,Field A
2022-11-03,02:15,Cow_12,7,4,4,0,23.4,Rainy,Field A
2022-11-03,02:15,Cow_13,0,9,6,0,23.4,Rainy,Field C
2022-11-03,02:15,Cow_14,9,7,0,0,23.4,Rainy,Field C
2022-11-03,02:15,Cow_15,5,6,4,0,23.4,Rainy,Field A
2022-11-03,02:15,Cow_16,3,5,7,0,23.4,Rainy,Field A
2022-11-03,02:15,Cow_17,7,0,8,0,23.4,Rainy,Field B
2022-11-03,02:15,Cow_18,6,4,5,0,23.4,Rainy,Field C
2022-11-03,02:15,Cow_19,8,4,3,0,23.4,Rainy,Field C
2022-11-03,02:15,Cow_20,12,0,6,0,23.4,Rainy,Field A
2022-11-03,02:15,Cow_21,2,6,7,0,23.4,Rainy,Field A
2022-11-03,02:15,Cow_22,7,8,0,0,23.4,Rainy,Field A
2022-11-03,02:15,Cow_23,6,6,3,0,23.4,Rainy,Field C
2022-11-03,02:15,Cow_24,11,0,5,0,23.4,Rainy,Field A
2022-11-03,02:15,Cow_25,7,4,4,0,23.4,Rainy,Field C
2022-11-03,02:15,Cow_26,13,0,8,0,23.4,Rainy,Field B
2022-11-03,02:15,Cow_27,6,1,8,0,23.4,Rainy,Field B
2022-11-03,02:15,Cow_28,5,10,0,0,23.4,Rainy,Field C
2022-11-03,02:15,Cow_29,8,5,2,0,23.4,Rainy,Field A
2022-11-03,02:15,Cow_30,6,1,8,0,23.4,Rainy,Field B
2022-11-03,02:15,Cow_31,6,3,6,0,23.4,Rainy,Field C
2022-11-03,02:15,Cow_32,6,3,6,0,23.4,Rainy,Field A
2022-11-03,02:15,Cow_33,3,8,4,0,23.4,Rainy,Field B
2022-11-03,02:15,Cow_34,3,5,7,0,23.4,Rainy,Field B
2022-11-03,02:15,Cow_35,10,1,4,0,23.4,Rainy,Field A
2022-11-03,02:15,Cow_36,4,5,6,0,23.4,Rainy,Field B
2022-11-03,02:15,Cow_37,13,0,7,0,23.4,Rainy,Field B
2022-11-03,02:15,Cow_38,8,5,2,0,23.4,Rainy,Field B
2022-11-03,02:15,Cow_39,0,9,9,0,23.4,Rainy,Field B
2022-11-03,02:15,Cow_40,11,1,3,0,23.4,Rainy,Field C
2022-11-03,02:15,Cow_41,13,0,7,0,23.4,Rainy,Field A
2022-11-03,02:15,Cow_42,0,0,0,15,23.4,Rainy,Field A
2022-11-03,02:15,Cow_43,14,6,0,0,23.4,Rainy,Field A
2022-11-03,02:15,Cow_44,0,0,0,15,23.4,Rainy,Field C
2022-11-03,02:15,Cow_45,6,6,3,0,23.4,Rainy,Field B
2022-11-03,02:15,Cow_46,6,1,8,0,23.4,Rainy,Field C
2022-11-03,02:15,Cow_47,7,6,2,0,23.4,Rainy,Field C
2022-11-03,02:15,Cow_48,8,4,3,0,23.4,Rainy,Field A
2022-11-03,02:15,Cow_49,9,0,7,0,23.4,Rainy,Field A
2022-11-03,02:30,Cow_1,3,8,4,0,24.4,Sunny,Field B
2022-11-03,02:30,Cow_2,2,9,4,0,24.4,Sunny,Field C
2022-11-03,02:30,Cow_3,10,0,5,0,24.4,Sunny,Field C
2022-11-03,02:30,Cow_4,12,6,0,0,24.4,Sunny,Field B
2022-11-03,02:30,Cow_5,13,0,7,0,24.4,Sunny,Field B
2022-11-03,02:30,Cow_6,9,2,4,0,24.4,Sunny,Field B
2022-11-03,02:30,Cow_7,0,0,0,15,24.4,Sunny,Field B
2022-11-03,02:30,Cow_8,0,12,7,0,24.4,Sunny,Field B
2022-11-03,02:30,Cow_9,10,0,7,0,24.4,Sunny,Field B
2022-11-03,02:30,Cow_10,7,2,6,0,24.4,Sunny,Field B
2022-11-03,02:30,Cow_11,6,3,6,0,24.4,Sunny,Field B
2022-11-03,02:30,Cow_12,14,7,0,0,24.4,Sunny,Field B
2022-11-03,02:30,Cow_13,8,3,4,0,24.4,Sunny,Field B
2022-11-03,02:30,Cow_14,7,3,5,0,24.4,Sunny,Field A
2022-11-03,02:30,Cow_15,1,9,5,0,24.4,Sunny,Field B
2022-11-03,02:30,Cow_16,9,4,2,0,24.4,Sunny,Field C
2022-11-03,02:30,Cow_17,0,0,0,15,24.4,Sunny,Field A
2022-11-03,02:30,Cow_18,0,0,0,15,24.4,Sunny,Field C
2022-11-03,02:30,Cow_19,0,11,8,0,24.4,Sunny,Field B
2022-11-03,02:30,Cow_20,8,4,3,0,24.4,Sunny,Field B
2022-11-03,02:30,Cow_21,11,0,4,0,24.4,Sunny,Field B
2022-11-03,02:30,Cow_22,0,12,5,0,24.4,Sunny,Field A
2022-11-03,02:30,Cow_23,12,5,0,0,24.4,Sunny,Field C
2022-11-03,02:30,Cow_24,10,0,5,0,24.4,Sunny,Field A
2022-11-03,02:30,Cow_25,5,9,1,0,24.4,Sunny,Field C
2022-11-03,02:30,Cow_26,8,3,4,0,24.4,Sunny,Field A
2022-11-03,02:30,Cow_27,10,1,4,0,24.4,Sunny,Field C
2022-11-03,02:30,Cow_28,12,10,0,0,24.4,Sunny,Field C
2022-11-03,02:30,Cow_29,13,10,0,0,24.4,Sunny,Field B
2022-11-03,02:30,Cow_30,6,4,5,0,24.4,Sunny,Field B
2022-11-03,02:30,Cow_31,2,6,7,0,24.4,Sunny,Field A
2022-11-03,02:30,Cow_32,0,7,9,0,24.4,Sunny,Field B
2022-11-03,02:30,Cow_33,7,5,3,0,24.4,Sunny,Field B
2022-11-03,02:30,Cow_34,4,3,8,0,24.4,Sunny,Field C
2022-11-03,02:30,Cow_35,0,0,0,15,24.4,Sunny,Field C
2022-11-03,02:30,Cow_36,10,3,2,0,24.4,Sunny,Field A
2022-11-03,02:30,Cow_37,5,4,6,0,24.4,Sunny,Field B
2022-11-03,02:30,Cow_38,8,2,5,0,24.4,Sunny,Field A
2022-11-03,02:30,Cow_39,5,6,4,0,24.4,Sunny,Field C
2022-11-03,02:30,Cow_40,1,10,4,0,24.4,Sunny,Field C
2022-11-03,02:30,Cow_41,9,8,0,0,24.4,Sunny,Field C
2022-11-03,02:30,Cow_42,14,0,8,0,24.4,Sunny,Field B
2022-11-03,02:30,Cow_43,11,0,5,0,24.4,Sunny,Field A
2022-11-03,02:30,Cow_44,7,4,4,0,24.4,Sunny,Field C
2022-11-03,02:30,Cow_45,8,4,3,0,24.4,Sunny,Field B
2022-11-03,02:30,Cow_46,9,2,4,0,24.4,Sunny,Field C
2022-11-03,02:30,Cow_47,12,0,3,0,24.4,Sunny,Field A
2022-11-03,02:30,Cow_48,6,3,6,0,24.4,Sunny,Field C
2022-11-03,02:30,Cow_49,7,2,6,0,24.4,Sunny,Field A
2022-11-03,02:45,Cow_1,5,5,5,0,33.4,Sunny,Field A
2022-11-03,02:45,Cow_2,7,4,4,0,33.4,Sunny,Field B
2022-11-03,02:45,Cow_3,8,0,8,0,33.4,Sunny,Field B
2022-11-03,02:45,Cow_4,6,8,1,0,33.4,Sunny,Field C
2022-11-03,02:45,Cow_5,0,0,0,15,33.4,Sunny,Field A
2022-11-03,02:45,Cow_6,0,9,6,0,33.4,Sunny,Field A
2022-11-03,02:45,Cow_7,4,6,5,0,33.4,Sunny,Field A
2022-11-03,02:45,Cow_8,4,8,3,0,33.4,Sunny,Field A
2022-11-03,02:45,Cow_9,12,0,3,0,33.4,Sunny,Field A
2022-11-03,02:45,Cow_10,14,0,4,0,33.4,Sunny,Field B
2022-11-03,02:45,Cow_11,14,9,0,0,33.4,Sunny,Field C
2022-11-03,02:45,Cow_12,7,4,4,0,33.4,Sunny,Field B
2022-11-03,02:45,Cow_13,13,4,0,0,33.4,Sunny,Field C
2022-11-03,02:45,Cow_14,2,6,7,0,33.4,Sunny,Field A
2022-11-03,02:45,Cow_15,8,9,0,0,33.4,Sunny,Field A
2022-11-03,02:45,Cow_16,14,0,10,0,33.4,Sunny,Field C
2022-11-03,02:45,Cow_17,8,4,3,0,33.4,Sunny,Field B
2022-11-03,02:45,Cow_18,11,9,0,0,33.4,Sunny,Field B
2022-11-03,02:45,Cow_19,3,7,5,0,33.4,Sunny,Field C
2022-11-03,02:45,Cow_20,0,10,8,0,33.4,Sunny,Field C
2022-11-03,02:45,Cow_21,6,6,3,0,33.4,Sunny,Field A
2022-11-03,02:45,Cow_22,11,6,0,0,33.4,Sunny,Field C
2022-11-03,02:45,Cow_23,0,9,6,0,33.4,Sunny,Field A
2022-11-03,02:45,Cow_24,6,8,1,0,33.4,Sunny,Field A
2022-11-03,02:45,Cow_25,11,10,0,0,33.4,Sunny,Field B
2022-11-03,02:45,Cow_26,5,8,2,0,33.4,Sunny,Field A
2022-11-03,02:45,Cow_27,7,11,0,0,33.4,Sunny,Field C
2022-11-03,02:45,Cow_28,14,0,7,0,33.4,Sunny,Field B
2022-11-03,02:45,Cow_29,7,6,2,0,33.4,Sunny,Field A
2022-11-03,02:45,Cow_30,12,0,7,0,33.4,Sunny,Field B
2022-11-03,02:45,Cow_31,6,4,5,0,33.4,Sunny,Field C
2022-11-03,02:45,Cow_32,15,0,3,0,33.4,Sunny,Field C
2022-11-03,02:45,Cow_33,12,9,0,0,33.4,Sunny,Field C
2022-11-03,02:45,Cow_34,5,6,4,0,33.4,Sunny,Field C
2022-11-03,02:45,Cow_35,9,8,0,0,33.4,Sunny,Field A
2022-11-03,02:45,Cow_36,13,0,7,0,33.4,Sunny,Field A
2022-11-03,02:45,Cow_37,11,5,0,0,33.4,Sunny,Field A
2022-11-03,02:45,Cow_38,9,0,7,0,33.4,Sunny,Field A
2022-11-03,02:45,Cow_39,12,1,2,0,33.4,Sunny,Field A
2022-11-03,02:45,Cow_40,11,10,0,0,33.4,Sunny,Field A
2022-11-03,02:45,Cow_41,6,5,4,0,33.4,Sunny,Field C
2022-11-03,02:45,Cow_42,15,5,0,0,33.4,Sunny,Field B
2022-11-03,02:45,Cow_43,4,8,3,0,33.4,Sunny,Field A
2022-11-03,02:45,Cow_44,7,6,2,0,33.4,Sunny,Field B
2022-11-03,02:45,Cow_45,8,4,3,0,33.4,Sunny,Field A
2022-11-03,02:45,Cow_46,9,2,4,0,33.4,Sunny,Field A
2022-11-03,02:45,Cow_47,14,8,0,0,33.4,Sunny,Field C
2022-11-03,02:45,Cow_48,11,0,5,0,33.4,Sunny,Field C
2022-11-03,02:45,Cow_49,6,5,4,0,33.4,Sunny,Field A
2022-11-03,03:00,Cow_1,11,10,0,0,29.9,Cloudy,Field C
2022-11-03,03:00,Cow_2,0,9,8,0,29.9,Cloudy,Field A
2022-11-03,03:00,Cow_3,11,10,0,0,29.9,Cloudy,Field A
2022-11-03,03:00,Cow_4,2,10,3,0,29.9,Cloudy,Field A
2022-11-03,03:00,Cow_5,12,0,4,0,29.9,Cloudy,Field A
2022-11-03,03:00,Cow_6,11,2,2,0,29.9,Cloudy,Field C
2022-11-03,03:00,Cow_7,8,7,0,0,29.9,Cloudy,Field C
2022-11-03,03:00,Cow_8,5,6,4,0,29.9,Cloudy,Field C
2022-11-03,03:00,Cow_9,11,8,0,0,29.9,Cloudy,Field B
2022-11-03,03:00,Cow_10,5,10,0,0,29.9,Cloudy,Field C
2022-11-03,03:00,Cow_11,0,8,7,0,29.9,Cloudy,Field C
2022-11-03,03:00,Cow_12,6,3,6,0,29.9,Cloudy,Field B
2022-11-03,03:00,Cow_13,0,7,8,0,29.9,Cloudy,Field A
2022-11-03,03:00,Cow_14,1,7,7,0,29.9,Cloudy,Field C
2022-11-03,03:00,Cow_15,6,7,2,0,29.9,Cloudy,Field C
2022-11-03,03:00,Cow_16,14,11,0,0,29.9,Cloudy,Field B
2022-11-03,03:00,Cow_17,14,0,5,0,29.9,Cloudy,Field C
2022-11-03,03:00,Cow_18,3,8,4,0,29.9,Cloudy,Field C
2022-11-03,03:00,Cow_19,12,6,0,0,29.9,Cloudy,Field A
2022-11-03,03:00,Cow_20,6,9,0,0,29.9,Cloudy,Field A
2022-11-03,03:00,Cow_21,11,5,0,0,29.9,Cloudy,Field A
2022-11-03,03:00,Cow_22,0,0,0,15,29.9,Cloudy,Field A
2022-11-03,03:00,Cow_23,12,0,7,0,29.9,Cloudy,Field A
2022-11-03,03:00,Cow_24,3,5,7,0,29.9,Cloudy,Field C
2022-11-03,03:00,Cow_25,5,7,3,0,29.9,Cloudy,Field C
2022-11-03,03:00,Cow_26,13,5,0,0,29.9,Cloudy,Field B
2022-11-03,03:00,Cow_27,15,3,0,0,29.9,Cloudy,Field B
2022-11-03,03:00,Cow_28,9,2,4,0,29.9,Cloudy,Field C
2022-11-03,03:00,Cow_29,13,0,3,0,29.9,Cloudy,Field B
2022-11-03,03:00,Cow_30,0,7,8,0,29.9,Cloudy,Field C
2022-11-03,03:00,Cow_31,0,9,7,0,29.9,Cloudy,Field C
2022-11-03,03:00,Cow_32,11,0,5,0,29.9,Cloudy,Field A
2022-11-03,03:00,Cow_33,7,5,3,0,29.9,Cloudy,Field B
2022-11-03,03:00,Cow_34,2,7,6,0,29.9,Cloudy,Field B
2022-11-03,03:00,Cow_35,4,7,4,0,29.9,Cloudy,Field B
2022-11-03,03:00,Cow_36,7,3,5,0,29.9,Cloudy,Field B
2022-11-03,03:00,Cow_37,6,6,3,0,29.9,Cloudy,Field C
2022-11-03,03:00,Cow_38,14,0,6,0,29.9,Cloudy,Field C
2022-11-03,03:00,Cow_39,14,5,0,0,29.9,Cloudy,Field A
2022-11-03,03:00,Cow_40,13,6,0,0,29.9,Cloudy,Field C
2022-11-03,03:00,Cow_41,4,4,7,0,29.9,Cloudy,Field B
2022-11-03,03:00,Cow_42,6,8,1,0,29.9,Cloudy,Field B
2022-11-03,03:00,Cow_43,0,0,0,15,29.9,Cloudy,Field A
2022-11-03,03:00,Cow_44,10,9,0,0,29.9,Cloudy,Field B
2022-11-03,03:00,Cow_45,10,1,4,0,29.9,Cloudy,Field C
2022-11-03,03:00,Cow_46,9,0,6,0,29.9,Cloudy,Field A
2022-11-03,03:00,Cow_47,7,9,0,0,29.9,Cloudy,Field C
2022-11-03,03:00,Cow_48,13,5,0,0,29.9,Cloudy,Field B
2022-11-03,03:00,Cow_49,5,3,7,0,29.9,Cloudy,Field C
2022-11-03,03:15,Cow_1,4,3,8,0,35.0,Clear,Field C
2022-11-03,03:15,Cow_2,13,3,0,0,35.0,Clear,Field C
2022-11-03,03:15,Cow_3,5,4,6,0,35.0,Clear,Field B
2022-11-03,03:15,Cow_4,11,4,0,0,35.0,Clear,Field A
2022-11-03,03:15,Cow_5,7,0,8,0,35.0,Clear,Field C
2022-11-03,03:15,Cow_6,7,3,5,0,35.0,Clear,Field B
2022-11-03,03:15,Cow_7,0,10,6,0,35.0,Clear,Field A
2022-11-03,03:15,Cow_8,14,10,0,0,35.0,Clear,Field C
2022-11-03,03:15,Cow_9,8,3,4,0,35.0,Clear,Field B
2022-11-03,03:15,Cow_10,14,0,4,0,35.0,Clear,Field C
2022-11-03,03:15,Cow_11,4,5,6,0,35.0,Clear,Field A
2022-11-03,03:15,Cow_12,0,10,6,0,35.0,Clear,Field C
2022-11-03,03:15,Cow_13,7,10,0,0,35.0,Clear,Field A
2022-11-03,03:15,Cow_14,0,0,0,15,35.0,Clear,Field C
2022-11-03,03:15,Cow_15,10,7,0,0,35.0,Clear,Field B
2022-11-03,03:15,Cow_16,11,3,1,0,35.0,Clear,Field A
2022-11-03,03:15,Cow_17,11,6,0,0,35.0,Clear,Field C
2022-11-03,03:15,Cow_18,11,1,3,0,35.0,Clear,Field B
2022-11-03,03:15,Cow_19,8,0,9,0,35.0,Clear,Field C
2022-11-03,03:15,Cow_20,11,3,1,0,35.0,Clear,Field C
2022-11-03,03:15,Cow_21,7,6,2,0,35.0,Clear,Field B
2022-11-03,03:15,Cow_22,1,12,2,0,35.0,Clear,Field A
2022-11-03,03:15,Cow_23,6,10,0,0,35.0,Clear,Field B
2022-11-03,03:15,Cow_24,5,5,5,0,35.0,Clear,Field B
2022-11-03,03:15,Cow_25,8,4,3,0,35.0,Clear,Field C
2022-11-03,03:15,Cow_26,7,2,6,0,35.0,Clear,Field C
2022-11-03,03:15,Cow_27,13,0,3,0,35.0,Clear,Field B
2022-11-03,03:15,Cow_28,1,10,4,0,35.0,Clear,Field A
2022-11-03,03:15,Cow_29,10,0,6,0,35.0,Clear,Field A
2022-11-03,03:15,Cow_30,10,0,7,0,35.0,Clear,Field C
2022-11-03,03:15,Cow_31,0,8,7,0,35.0,Clear,Field A
2022-11-03,03:15,Cow_32,8,4,3,0,35.0,Clear,Field C
2022-11-03,03:15,Cow_33,11,9,0,0,35.0,Clear,Field A
2022-11-03,03:15,Cow_34,13,9,0,0,35.0,Clear,Field C
2022-11-03,03:15,Cow_35,0,10,8,0,35.0,Clear,Field A
2022-11-03,03:15,Cow_36,5,5,5,0,35.0,Clear,Field A
2022-11-03,03:15,Cow_37,13,5,0,0,35.0,Clear,Field C
2022-11-03,03:15,Cow_38,1,9,5,0,35.0,Clear,Field C
2022-11-03,03:15,Cow_39,7,5,3,0,35.0,Clear,Field C
2022-11-03,03:15,Cow_40,9,4,2,0,35.0,Clear,Field B
2022-11-03,03:15,Cow_41,10,0,8,0,35.0,Clear,Field B
2022-11-03,03:15,Cow_42,0,0,0,15,35.0,Clear,Field A
2022-11-03,03:15,Cow_43,8,2,5,0,35.0,Clear,Field C
2022-11-03,03:15,Cow_44,11,0,5,0,35.0,Clear,Field C
2022-11-03,03:15,Cow_45,13,8,0,0,35.0,Clear,Field C
2022-11-03,03:15,Cow_46,14,9,0,0,35.0,Clear,Field A
2022-11-03,03:15,Cow_47,6,4,5,0,35.0,Clear,Field B
2022-11-03,03:15,Cow_48,5,7,3,0,35.0,Clear,Field C
2022-11-03,03:15,Cow_49,0,9,6,0,35.0,Clear,Field B
2022-11-03,03:30,Cow_1,0,0,0,15,28.9,Clear,Field B
2022-11-03,03:30,Cow_2,1,10,4,0,28.9,Clear,Field A
2022-11-03,03:30,Cow_3,0,0,0,15,28.9,Clear,Field B
2022-11-03,03:30,Cow_4,11,3,1,0,28.9,Clear,Field B
2022-11-03,03:30,Cow_5,7,4,4,0,28.9,Clear,Field A
2022-11-03,03:30,Cow_6,15,5,0,0,28.9,Clear,Field A
2022-11-03,03:30,Cow_7,13,5,0,0,28.9,Clear,Field C
2022-11-03,03:30,Cow_8,11,5,0,0,28.9,Clear,Field A
2022-11-03,03:30,Cow_9,4,6,5,0,28.9,Clear,Field C
2022-11-03,03:30,Cow_10,11,6,0,0,28.9,Clear,Field A
2022-11-03,03:30,Cow_11,10,7,0,0,28.9,Clear,Field C
2022-11-03,03:30,Cow_12,6,3,6,0,28.9,Clear,Field B
2022-11-03,03:30,Cow_13,3,9,3,0,28.9,Clear,Field A
2022-11-03,03:30,Cow_14,0,0,0,15,28.9,Clear,Field C
2022-11-03,03:30,Cow_15,0,5,10,0,28.9,Clear,Field A
2022-11-03,03:30,Cow_16,0,11,5,0,28.9,Clear,Field C
2022-11-03,03:30,Cow_17,9,6,0,0,28.9,Clear,Field C
2022-11-03,03:30,Cow_18,3,5,7,0,28.9,Clear,Field C
2022-11-03,03:30,Cow_19,9,10,0,0,28.9,Clear,Field B
2022-11-03,03:30,Cow_20,12,0,5,0,28.9,Clear,Field C
2022-11-03,03:30,Cow_21,2,9,4,0,28.9,Clear,Field B
2022-11-03,03:30,Cow_22,4,4,7,0,28.9,Clear,Field B
2022-11-03,03:30,Cow_23,0,9,7,0,28.9,Clear,Field C
2022-11-03,03:30,Cow_24,0,10,6,0,28.9,Clear,Field C
2022-11-03,03:30,Cow_25,0,7,8,0,28.9,Clear,Field A
2022-11-03,03:30,Cow_26,6,8,1,0,28.9,Clear,Field B
2022-11-03,03:30,Cow_27,0,0,0,15,28.9,Clear,Field A
2022-11-03,03:30,Cow_28,2,7,6,0,28.9,Clear,Field B
2022-11-03,03:30,Cow_29,0,8,8,0,28.9,Clear,Field C
2022-11-03,03:30,Cow_30,12,6,0,0,28.9,Clear,Field C
2022-11-03,03:30,Cow_31,5,5,5,0,28.9,Clear,Field A
2022-11-03,03:30,Cow_32,5,7,3,0,28.9,Clear,Field C
2022-11-03,03:30,Cow_33,3,9,3,0,28.9,Clear,Field A
2022-11-03,03:30,Cow_34,12,0,7,0,28.9,Clear,Field B
2022-11-03,03:30,Cow_35,0,9,8,0,28.9,Clear,Field A
2022-11-03,03:30,Cow_36,0,7,8,0,28.9,Clear,Field C
2022-11-03,03:30,Cow_37,4,5,6,0,28.9,Clear,Field C
2022-11-03,03:30,Cow_38,12,0,6,0,28.9,Clear,Field B
2022-11-03,03:30,Cow_39,0,9,10,0,28.9,Clear,Field C
2022-11-03,03:30,Cow_40,7,2,6,0,28.9,Clear,Field B
2022-11-03,03:30,Cow_41,5,5,5,0,28.9,Clear,Field A
2022-11-03,03:30,Cow_42,15,6,0,0,28.9,Clear,Field C
2022-11-03,03:30,Cow_43,5,9,1,0,28.9,Clear,Field A
2022-11-03,03:30,Cow_44,1,10,4,0,28.9,Clear,Field A
2022-11-03,03:30,Cow_45,5,10,0,0,28.9,Clear,Field C
2022-11-03,03:30,Cow_46,2,10,3,0,28.9,Clear,Field A
2022-11-03,03:30,Cow_47,8,3,4,0,28.9,Clear,Field A
2022-11-03,03:30,Cow_48,4,5,6,0,28.9,Clear,Field C
2022-11-03,03:30,Cow_49,12,4,0,0,28.9,Clear,Field A
2022-11-03,03:45,Cow_1,12,6,0,0,29.5,Rainy,Field C
2022-11-03,03:45,Cow_2,13,4,0,0,29.5,Rainy,Field C
2022-11-03,03:45,Cow_3,10,0,5,0,29.5,Rainy,Field C
2022-11-03,03:45,Cow_4,6,6,3,0,29.5,Rainy,Field C
2022-11-03,03:45,Cow_5,8,0,8,0,29.5,Rainy,Field C
2022-11-03,03:45,Cow_6,7,12,0,0,29.5,Rainy,Field C
2022-11-03,03:45,Cow_7,8,0,7,0,29.5,Rainy,Field B
2022-11-03,03:45,Cow_8,0,0,0,15,29.5,Rainy,Field B
2022-11-03,03:45,Cow_9,8,7,0,0,29.5,Rainy,Field A
2022-11-03,03:45,Cow_10,6,5,4,0,29.5,Rainy,Field B
2022-11-03,03:45,Cow_11,7,8,0,0,29.5,Rainy,Field B
2022-11-03,03:45,Cow_12,15,0,9,0,29.5,Rainy,Field A
2022-11-03,03:45,Cow_13,9,9,0,0,29.5,Rainy,Field C
2022-11-03,03:45,Cow_14,3,4,8,0,29.5,Rainy,Field B
2022-11-03,03:45,Cow_15,5,5,5,0,29.5,Rainy,Field A
2022-11-03,03:45,Cow_16,5,9,1,0,29.5,Rainy,Field C
2022-11-03,03:45,Cow_17,2,5,8,0,29.5,Rainy,Field A
2022-11-03,03:45,Cow_18,5,3,7,0,29.5,Rainy,Field B
2022-11-03,03:45,Cow_19,6,1,8,0,29.5,Rainy,Field C
2022-11-03,03:45,Cow_20,6,4,5,0,29.5,Rainy,Field B
2022-11-03,03:45,Cow_21,0,9,8,0,29.5,Rainy,Field B
2022-11-03,03:45,Cow_22,0,0,0,15,29.5,Rainy,Field B
2022-11-03,03:45,Cow_23,0,10,5,0,29.5,Rainy,Field C
2022-11-03,03:45,Cow_24,1,8,6,0,29.5,Rainy,Field C
2022-11-03,03:45,Cow_25,5,4,6,0,29.5,Rainy,Field B
2022-11-03,03:45,Cow_26,4,8,3,0,29.5,Rainy,Field B
2022-11-03,03:45,Cow_27,6,3,6,0,29.5,Rainy,Field A
2022-11-03,03:45,Cow_28,0,0,0,15,29.5,Rainy,Field C
2022-11-03,03:45,Cow_29,10,0,8,0,29.5,Rainy,Field C
2022-11-03,03:45,Cow_30,7,3,5,0,29.5,Rainy,Field C
2022-11-03,03:45,Cow_31,3,8,4,0,29.5,Rainy,Field C
2022-11-03,03:45,Cow_32,13,9,0,0,29.5,Rainy,Field C
2022-11-03,03:45,Cow_33,5,4,6,0,29.5,Rainy,Field C
2022-11-03,03:45,Cow_34,14,0,5,0,29.5,Rainy,Field C
2022-11-03,03:45,Cow_35,0,10,8,0,29.5,Rainy,Field C
2022-11-03,03:45,Cow_36,6,6,3,0,29.5,Rainy,Field A
2022-11-03,03:45,Cow_37,0,10,8,0,29.5,Rainy,Field B
2022-11-03,03:45,Cow_38,0,0,0,15,29.5,Rainy,Field C
2022-11-03,03:45,Cow_39,12,7,0,0,29.5,Rainy,Field C
2022-11-03,03:45,Cow_40,5,7,3,0,29.5,Rainy,Field B
2022-11-03,03:45,Cow_41,13,3,0,0,29.5,Rainy,Field A
2022-11-03,03:45,Cow_42,9,7,0,0,29.5,Rainy,Field A
2022-11-03,03:45,Cow_43,12,6,0,0,29.5,Rainy,Field B
2022-11-03,03:45,Cow_44,5,4,6,0,29.5,Rainy,Field A
2022-11-03,03:45,Cow_45,13,0,6,0,29.5,Rainy,Field C
2022-11-03,03:45,Cow_46,4,4,7,0,29.5,Rainy,Field B
2022-11-03,03:45,Cow_47,0,0,0,15,29.5,Rainy,Field A
2022-11-03,03:45,Cow_48,2,6,7,0,29.5,Rainy,Field C
2022-11-03,03:45,Cow_49,2,7,6,0,29.5,Rainy,Field B
2022-11-03,04:00,Cow_1,11,7,0,0,33.4,Clear,Field A
2022-11-03,04:00,Cow_2,5,5,5,0,33.4,Clear,Field B
2022-11-03,04:00,Cow_3,12,0,4,0,33.4,Clear,Field B
2022-11-03,04:00,Cow_4,2,7,6,0,33.4,Clear,Field B
2022-11-03,04:00,Cow_5,6,4,5,0,33.4,Clear,Field B
2022-11-03,04:00,Cow_6,0,0,0,15,33.4,Clear,Field A
2022-11-03,04:00,Cow_7,6,3,6,0,33.4,Clear,Field C
2022-11-03,04:00,Cow_8,2,10,3,0,33.4,Clear,Field B
2022-11-03,04:00,Cow_9,11,5,0,0,33.4,Clear,Field A
2022-11-03,04:00,Cow_10,12,5,0,0,33.4,Clear,Field C
2022-11-03,04:00,Cow_11,11,0,6,0,33.4,Clear,Field B
2022-11-03,04:00,Cow_12,0,9,8,0,33.4,Clear,Field B
2022-11-03,04:00,Cow_13,7,0,8,0,33.4,Clear,Field B
2022-11-03,04:00,Cow_14,13,0,7,0,33.4,Clear,Field B
2022-11-03,04:00,Cow_15,6,1,8,0,33.4,Clear,Field B
2022-11-03,04:00,Cow_16,9,6,0,0,33.4,Clear,Field A
2022-11-03,04:00,Cow_17,1,6,8,0,33.4,Clear,Field C
2022-11-03,04:00,Cow_18,14,0,6,0,33.4,Clear,Field B
2022-11-03,04:00,Cow_19,10,3,2,0,33.4,Clear,Field A
2022-11-03,04:00,Cow_20,0,10,8,0,33.4,Clear,Field C
2022-11-03,04:00,Cow_21,7,5,3,0,33.4,Clear,Field A
2022-11-03,04:00,Cow_22,0,11,9,0,33.4,Clear,Field C
2022-11-03,04:00,Cow_23,6,3,6,0,33.4,Clear,Field B
2022-11-03,04:00,Cow_24,9,2,4,0,33.4,Clear,Field A
2022-11-03,04:00,Cow_25,6,4,5,0,33.4,Clear,Field B
2022-11-03,04:00,Cow_26,12,9,0,0,33.4,Clear,Field C
2022-11-03,04:00,Cow_27,12,0,10,0,33.4,Clear,Field A
2022-11-03,04:00,Cow_28,9,4,2,0,33.4,Clear,Field C
2022-11-03,04:00,Cow_29,0,10,7,0,33.4,Clear,Field A
2022-11-03,04:00,Cow_30,10,0,8,0,33.4,Clear,Field C
2022-11-03,04:00,Cow_31,11,1,3,0,33.4,Clear,Field B
2022-11-03,04:00,Cow_32,14,7,0,0,33.4,Clear,Field C
2022-11-03,04:00,Cow_33,6,6,3,0,33.4,Clear,Field C
2022-11-03,04:00,Cow_34,8,2,5,0,33.4,Clear,Field B
2022-11-03,04:00,Cow_35,8,2,5,0,33.4,Clear,Field B
2022-11-03,04:00,Cow_36,0,0,0,15,33.4,Clear,Field C
2022-11-03,04:00,Cow_37,8,7,0,0,33.4,Clear,Field C
2022-11-03,04:00,Cow_38,12,0,3,0,33.4,Clear,Field C
2022-11-03,04:00,Cow_39,15,0,4,0,33.4,Clear,Field C
2022-11-03,04:00,Cow_40,0,6,10,0,33.4,Clear,Field B
2022-11-03,04:00,Cow_41,7,5,3,0,33.4,Clear,Field A
2022-11-03,04:00,Cow_42,0,0,0,15,33.4,Clear,Field C
2022-11-03,04:00,Cow_43,7,8,0,0,33.4,Clear,Field C
2022-11-03,04:00,Cow_44,0,0,0,15,33.4,Clear,Field A
2022-11-03,04:00,Cow_45,0,0,0,15,33.4,Clear,Field C
2022-11-03,04:00,Cow_46,6,6,3,0,33.4,Clear,Field B
2022-11-03,04:00,Cow_47,5,5,5,0,33.4,Clear,Field B
2022-11-03,04:00,Cow_48,14,10,0,0,33.4,Clear,Field A
2022-11-03,04:00,Cow_49,2,5,8,0,33.4,Clear,Field C
2022-11-03,04:15,Cow_1,10,9,0,0,24.7,Cloudy,Field B
2022-11-03,04:15,Cow_2,8,5,2,0,24.7,Cloudy,Field A
2022-11-03,04:15,Cow_3,6,2,7,0,24.7,Cloudy,Field B
2022-11-03,04:15,Cow_4,6,6,3,0,24.7,Cloudy,Field C
2022-11-03,04:15,Cow_5,11,7,0,0,24.7,Cloudy,Field A
2022-11-03,04:15,Cow_6,1,4,10,0,24.7,Cloudy,Field C
2022-11-03,04:15,Cow_7,7,10,0,0,24.7,Cloudy,Field A
2022-11-03,04:15,Cow_8,0,8,10,0,24.7,Cloudy,Field A
2022-11-03,04:15,Cow_9,10,1,4,0,24.7,Cloudy,Field B
2022-11-03,04:15,Cow_10,11,0,5,0,24.7,Cloudy,Field C
2022-11-03,04:15,Cow_11,4,5,6,0,24.7,Cloudy,Field C
2022-11-03,04:15,Cow_12,0,0,0,15,24.7,Cloudy,Field A
2022-11-03,04:15,Cow_13,6,3,6,0,24.7,Cloudy,Field B
2022-11-03,04:15,Cow_14,9,5,1,0,24.7,Cloudy,Field A
2022-11-03,04:15,Cow_15,10,0,9,0,24.7,Cloudy,Field B
2022-11-03,04:15,Cow_16,7,3,5,0,24.7,Cloudy,Field C
2022-11-03,04:15,Cow_17,0,9,6,0,24.7,Cloudy,Field C
2022-11-03,04:15,Cow_18,1,8,6,0,24.7,Cloudy,Field C
2022-11-03,04:15,Cow_19,3,5,7,0,24.7,Cloudy,Field B
2022-11-03,04:15,Cow_20,14,10,0,0,24.7,Cloudy,Field C
2022-11-03,04:15,Cow_21,11,10,0,0,24.7,Cloudy,Field C
2022-11-03,04:15,Cow_22,0,7,8,0,24.7,Cloudy,Field A
2022-11-03,04:15,Cow_23,1,9,5,0,24.7,Cloudy,Field B
2022-11-03,04:15,Cow_24,3,6,6,0,24.7,Cloudy,Field A
2022-11-03,04:15,Cow_25,13,0,3,0,24.7,Cloudy,Field C
2022-11-03,04:15,Cow_26,10,1,4,0,24.7,Cloudy,Field C
2022-11-03,04:15,Cow_27,5,4,6,0,24.7,Cloudy,Field C
2022-11-03,04:15,Cow_28,14,7,0,0,24.7,Cloudy,Field B
2022-11-03,04:15,Cow_29,2,6,7,0,24.7,Cloudy,Field C
2022-11-03,04:15,Cow_30,13,5,0,0,24.7,Cloudy,Field A
2022-11-03,04:15,Cow_31,4,4,7,0,24.7,Cloudy,Field C
2022-11-03,04:15,Cow_32,15,5,0,0,24.7,Cloudy,Field B
2022-11-03,04:15,Cow_33,2,8,5,0,24.7,Cloudy,Field A
2022-11-03,04:15,Cow_34,11,3,1,0,24.7,Cloudy,Field A
2022-11-03,04:15,Cow_35,14,0,3,0,24.7,Cloudy,Field B
2022-11-03,04:15,Cow_36,10,3,2,0,24.7,Cloudy,Field A
2022-11-03,04:15,Cow_37,6,4,5,0,24.7,Cloudy,Field C
2022-11-03,04:15,Cow_38,5,6,4,0,24.7,Cloudy,Field B
2022-11-03,04:15,Cow_39,0,0,0,15,24.7,Cloudy,Field B
2022-11-03,04:15,Cow_40,9,5,1,0,24.7,Cloudy,Field B
2022-11-03,04:15,Cow_41,14,0,7,0,24.7,Cloudy,Field C
2022-11-03,04:15,Cow_42,0,10,8,0,24.7,Cloudy,Field A
2022-11-03,04:15,Cow_43,13,9,0,0,24.7,Cloudy,Field C
2022-11-03,04:15,Cow_44,6,7,2,0,24.7,Cloudy,Field B
2022-11-03,04:15,Cow_45,0,0,0,15,24.7,Cloudy,Field A
2022-11-03,04:15,Cow_46,8,4,3,0,24.7,Cloudy,Field A
2022-11-03,04:15,Cow_47,13,0,4,0,24.7,Cloudy,Field B
2022-11-03,04:15,Cow_48,0,9,7,0,24.7,Cloudy,Field A
2022-11-03,04:15,Cow_49,0,0,0,15,24.7,Cloudy,Field B
2022-11-03,04:30,Cow_1,3,8,4,0,23.6,Clear,Field A
2022-11-03,04:30,Cow_2,2,9,4,0,23.6,Clear,Field B
2022-11-03,04:30,Cow_3,14,5,0,0,23.6,Clear,Field A
2022-11-03,04:30,Cow_4,6,5,4,0,23.6,Clear,Field C
2022-11-03,04:30,Cow_5,5,3,7,0,23.6,Clear,Field A
2022-11-03,04:30,Cow_6,0,12,6,0,23.6,Clear,Field C
2022-11-03,04:30,Cow_7,0,9,8,0,23.6,Clear,Field B
2022-11-03,04:30,Cow_8,5,7,3,0,23.6,Clear,Field B
2022-11-03,04:30,Cow_9,6,1,8,0,23.6,Clear,Field A
2022-11-03,04:30,Cow_10,3,9,3,0,23.6,Clear,Field C
2022-11-03,04:30,Cow_11,14,10,0,0,23.6,Clear,Field B
2022-11-03,04:30,Cow_12,8,0,8,0,23.6,Clear,Field C
2022-11-03,04:30,Cow_13,5,4,6,0,23.6,Clear,Field A
2022-11-03,04:30,Cow_14,10,0,6,0,23.6,Clear,Field A
2022-11-03,04:30,Cow_15,1,9,5,0,23.6,Clear,Field C
2022-11-03,04:30,Cow_16,9,4,2,0,23.6,Clear,Field C
2022-11-03,04:30,Cow_17,10,3,2,0,23.6,Clear,Field B
2022-11-03,04:30,Cow_18,0,0,0,15,23.6,Clear,Field A
2022-11-03,04:30,Cow_19,0,0,0,15,23.6,Clear,Field A
2022-11-03,04:30,Cow_20,13,0,7,0,23.6,Clear,Field A
2022-11-03,04:30,Cow_21,7,5,3,0,23.6,Clear,Field A
2022-11-03,04:30,Cow_22,2,5,8,0,23.6,Clear,Field A
2022-11-03,04:30,Cow_23,0,10,6,0,23.6,Clear,Field C
2022-11-03,04:30,Cow_24,12,7,0,0,23.6,Clear,Field B
2022-11-03,04:30,Cow_25,3,5,7,0,23.6,Clear,Field A
2022-11-03,04:30,Cow_26,13,7,0,0,23.6,Clear,Field B
2022-11-03,04:30,Cow_27,0,10,8,0,23.6,Clear,Field A
2022-11-03,04:30,Cow_28,12,0,3,0,23.6,Clear,Field C
2022-11-03,04:30,Cow_29,10,6,0,0,23.6,Clear,Field B
2022-11-03,04:30,Cow_30,6,6,3,0,23.6,Clear,Field A
2022-11-03,04:30,Cow_31,8,0,8,0,23.6,Clear,Field C
2022-11-03,04:30,Cow_32,11,11,0,0,23.6,Clear,Field B
2022-11-03,04:30,Cow_33,5,9,1,0,23.6,Clear,Field C
2022-11-03,04:30,Cow_34,4,4,7,0,23.6,Clear,Field C
2022-11-03,04:30,Cow_35,5,5,5,0,23.6,Clear,Field C
2022-11-03,04:30,Cow_36,8,4,3,0,23.6,Clear,Field A
2022-11-03,04:30,Cow_37,0,7,8,0,23.6,Clear,Field A
2022-11-03,04:30,Cow_38,10,4,1,0,23.6,Clear,Field C
2022-11-03,04:30,Cow_39,15,0,3,0,23.6,Clear,Field B
2022-11-03,04:30,Cow_40,7,8,0,0,23.6,Clear,Field A
2022-11-03,04:30,Cow_41,14,0,6,0,23.6,Clear,Field B
2022-11-03,04:30,Cow_42,8,3,4,0,23.6,Clear,Field A
2022-11-03,04:30,Cow_43,5,5,5,0,23.6,Clear,Field C
2022-11-03,04:30,Cow_44,14,0,7,0,23.6,Clear,Field C
2022-11-03,04:30,Cow_45,2,10,3,0,23.6,Clear,Field A
2022-11-03,04:30,Cow_46,3,5,7,0,23.6,Clear,Field C
2022-11-03,04:30,Cow_47,1,8,6,0,23.6,Clear,Field B
2022-11-03,04:30,Cow_48,13,4,0,0,23.6,Clear,Field B
2022-11-03,04:30,Cow_49,8,3,4,0,23.6,Clear,Field C
2022-11-03,04:45,Cow_1,12,0,4,0,28.2,Clear,Field A
2022-11-03,04:45,Cow_2,5,10,0,0,28.2,Clear,Field C
2022-11-03,04:45,Cow_3,10,0,8,0,28.2,Clear,Field C
2022-11-03,04:45,Cow_4,9,8,0,0,28.2,Clear,Field A
2022-11-03,04:45,Cow_5,7,3,5,0,28.2,Clear,Field A
2022-11-03,04:45,Cow_6,9,7,0,0,28.2,Clear,Field A
2022-11-03,04:45,Cow_7,7,10,0,0,28.2,Clear,Field B
2022-11-03,04:45,Cow_8,13,0,4,0,28.2,Clear,Field A
2022-11-03,04:45,Cow_9,7,10,0,0,28.2,Clear,Field A
2022-11-03,04:45,Cow_10,4,7,4,0,28.2,Clear,Field B
2022-11-03,04:45,Cow_11,11,8,0,0,28.2,Clear,Field A
2022-11-03,04:45,Cow_12,4,5,6,0,28.2,Clear,Field B
2022-11-03,04:45,Cow_13,8,5,2,0,28.2,Clear,Field B
2022-11-03,04:45,Cow_14,6,6,3,0,28.2,Clear,Field A
2022-11-03,04:45,Cow_15,0,0,0,15,28.2,Clear,Field A
2022-11-03,04:45,Cow_16,0,10,10,0,28.2,Clear,Field B
2022-11-03,04:45,Cow_17,10,0,6,0,28.2,Clear,Field B
2022-11-03,04:45,Cow_18,0,0,0,15,28.2,Clear,Field B
2022-11-03,04:45,Cow_19,0,12,9,0,28.2,Clear,Field B
2022-11-03,04:45,Cow_20,3,4,8,0,28.2,Clear,Field C
2022-11-03,04:45,Cow_21,0,0,0,15,28.2,Clear,Field A
2022-11-03,04:45,Cow_22,15,0,9,0,28.2,Clear,Field B
2022-11-03,04:45,Cow_23,13,0,4,0,28.2,Clear,Field B
2022-11-03,04:45,Cow_24,5,3,7,0,28.2,Clear,Field C
2022-11-03,04:45,Cow_25,0,9,8,0,28.2,Clear,Field B
2022-11-03,04:45,Cow_26,5,4,6,0,28.2,Clear,Field A
2022-11-03,04:45,Cow_27,7,9,0,0,28.2,Clear,Field A
2022-11-03,04:45,Cow_28,10,8,0,0,28.2,Clear,Field A
2022-11-03,04:45,Cow_29,11,0,6,0,28.2,Clear,Field B
2022-11-03,04:45,Cow_30,8,3,4,0,28.2,Clear,Field C
2022-11-03,04:45,Cow_31,4,7,4,0,28.2,Clear,Field A
2022-11-03,04:45,Cow_32,1,9,5,0,28.2,Clear,Field B
2022-11-03,04:45,Cow_33,5,4,6,0,28.2,Clear,Field B
2022-11-03,04:45,Cow_34,2,10,3,0,28.2,Clear,Field C
2022-11-03,04:45,Cow_35,0,0,0,15,28.2,Clear,Field A
2022-11-03,04:45,Cow_36,8,9,0,0,28.2,Clear,Field A
2022-11-03,04:45,Cow_37,7,4,4,0,28.2,Clear,Field C
2022-11-03,04:45,Cow_38,6,5,4,0,28.2,Clear,Field B
2022-11-03,04:45,Cow_39,9,6,0,0,28.2,Clear,Field A
2022-11-03,04:45,Cow_40,1,12,2,0,28.2,Clear,Field B
2022-11-03,04:45,Cow_41,6,4,5,0,28.2,Clear,Field C
2022-11-03,04:45,Cow_42,0,9,10,0,28.2,Clear,Field C
2022-11-03,04:45,Cow_43,4,6,5,0,28.2,Clear,Field C
2022-11-03,04:45,Cow_44,1,6,8,0,28.2,Clear,Field B
2022-11-03,04:45,Cow_45,13,0,3,0,28.2,Clear,Field B
2022-11-03,04:45,Cow_46,6,6,3,0,28.2,Clear,Field C
2022-11-03,04:45,Cow_47,0,0,0,15,28.2,Clear,Field A
2022-11-03,04:45,Cow_48,7,5,3,0,28.2,Clear,Field B
2022-11-03,04:45,Cow_49,10,3,2,0,28.2,Clear,Field B
2022-11-03,05:00,Cow_1,0,9,7,0,34.3,Sunny,Field C
2022-11-03,05:00,Cow_2,0,10,8,0,34.3,Sunny,Field B
2022-11-03,05:00,Cow_3,6,6,3,0,34.3,Sunny,Field A
2022-11-03,05:00,Cow_4,10,1,4,0,34.3,Sunny,Field A
2022-11-03,05:00,Cow_5,0,10,5,0,34.3,Sunny,Field B
2022-11-03,05:00,Cow_6,2,4,9,0,34.3,Sunny,Field B
2022-11-03,05:00,Cow_7,13,0,7,0,34.3,Sunny,Field B
2022-11-03,05:00,Cow_8,7,9,0,0,34.3,Sunny,Field A
2022-11-03,05:00,Cow_9,3,4,8,0,34.3,Sunny,Field B
2022-11-03,05:00,Cow_10,6,3,6,0,34.3,Sunny,Field A
2022-11-03,05:00,Cow_11,8,4,3,0,34.3,Sunny,Field B
2022-11-03,05:00,Cow_12,0,5,10,0,34.3,Sunny,Field C
2022-11-03,05:00,Cow_13,4,8,3,0,34.3,Sunny,Field A
2022-11-03,05:00,Cow_14,6,6,3,0,34.3,Sunny,Field C
2022-11-03,05:00,Cow_15,12,4,0,0,34.3,Sunny,Field B
2022-11-03,05:00,Cow_16,8,3,4,0,34.3,Sunny,Field A
2022-11-03,05:00,Cow_17,8,3,4,0,34.3,Sunny,Field B
2022-11-03,05:00,Cow_18,8,0,7,0,34.3,Sunny,Field C
2022-11-03,05:00,Cow_19,9,3,3,0,34.3,Sunny,Field A
2022-11-03,05:00,Cow_20,2,5,8,0,34.3,Sunny,Field C
2022-11-03,05:00,Cow_21,12,0,7,0,34.3,Sunny,Field B
2022-11-03,05:00,Cow_22,9,0,6,0,34.3,Sunny,Field B
2022-11-03,05:00,Cow_23,4,5,6,0,34.3,Sunny,Field C
2022-11-03,05:00,Cow_24,0,9,7,0,34.3,Sunny,Field C
2022-11-03,05:00,Cow_25,5,7,3,0,34.3,Sunny,Field A
2022-11-03,05:00,Cow_26,0,7,8,0,34.3,Sunny,Field B
2022-11-03,05:00,Cow_27,4,9,2,0,34.3,Sunny,Field C
2022-11-03,05:00,Cow_28,8,4,3,0,34.3,Sunny,Field A
2022-11-03,05:00,Cow_29,5,7,3,0,34.3,Sunny,Field C
2022-11-03,05:00,Cow_30,0,0,0,15,34.3,Sunny,Field C
2022-11-03,05:00,Cow_31,6,5,4,0,34.3,Sunny,Field A
2022-11-03,05:00,Cow_32,6,0,10,0,34.3,Sunny,Field C
2022-11-03,05:00,Cow_33,6,3,6,0,34.3,Sunny,Field C
2022-11-03,05:00,Cow_34,3,6,6,0,34.3,Sunny,Field A
2022-11-03,05:00,Cow_35,5,5,5,0,34.3,Sunny,Field B
2022-11-03,05:00,Cow_36,0,8,8,0,34.3,Sunny,Field A
2022-11-03,05:00,Cow_37,7,2,6,0,34.3,Sunny,Field A
2022-11-03,05:00,Cow_38,14,7,0,0,34.3,Sunny,Field C
2022-11-03,05:00,Cow_39,8,5,2,0,34.3,Sunny,Field B
2022-11-03,05:00,Cow_40,15,0,2,0,34.3,Sunny,Field A
2022-11-03,05:00,Cow_41,5,4,6,0,34.3,Sunny,Field A
2022-11-03,05:00,Cow_42,13,0,7,0,34.3,Sunny,Field C
2022-11-03,05:00,Cow_43,10,1,4,0,34.3,Sunny,Field B
2022-11-03,05:00,Cow_44,0,10,5,0,34.3,Sunny,Field A
2022-11-03,05:00,Cow_45,11,0,5,0,34.3,Sunny,Field A
2022-11-03,05:00,Cow_46,14,7,0,0,34.3,Sunny,Field C
2022-11-03,05:00,Cow_47,8,9,0,0,34.3,Sunny,Field C
2022-11-03,05:00,Cow_48,13,6,0,0,34.3,Sunny,Field C
2022-11-03,05:00,Cow_49,14,0,3,0,34.3,Sunny,Field B
2022-11-03,05:15,Cow_1,7,3,5,0,27.0,Clear,Field A
2022-11-03,05:15,Cow_2,2,10,3,0,27.0,Clear,Field A
2022-11-03,05:15,Cow_3,12,8,0,0,27.0,Clear,Field C
2022-11-03,05:15,Cow_4,8,5,2,0,27.0,Clear,Field A
2022-11-03,05:15,Cow_5,4,3,8,0,27.0,Clear,Field B
2022-11-03,05:15,Cow_6,11,0,4,0,27.0,Clear,Field B
2022-11-03,05:15,Cow_7,11,0,6,0,27.0,Clear,Field A
2022-11-03,05:15,Cow_8,0,0,0,15,27.0,Clear,Field A
2022-11-03,05:15,Cow_9,8,0,7,0,27.0,Clear,Field C
2022-11-03,05:15,Cow_10,9,3,3,0,27.0,Clear,Field A
2022-11-03,05:15,Cow_11,7,10,0,0,27.0,Clear,Field A
2022-11-03,05:15,Cow_12,7,3,5,0,27.0,Clear,Field A
2022-11-03,05:15,Cow_13,3,4,8,0,27.0,Clear,Field C
2022-11-03,05:15,Cow_14,11,0,4,0,27.0,Clear,Field B
2022-11-03,05:15,Cow_15,0,8,9,0,27.0,Clear,Field C
2022-11-03,05:15,Cow_16,0,12,3,0,27.0,Clear,Field B
2022-11-03,05:15,Cow_17,6,3,6,0,27.0,Clear,Field A
2022-11-03,05:15,Cow_18,11,0,7,0,27.0,Clear,Field A
2022-11-03,05:15,Cow_19,13,0,9,0,27.0,Clear,Field B
2022-11-03,05:15,Cow_20,12,6,0,0,27.0,Clear,Field C
2022-11-03,05:15,Cow_21,7,7,1,0,27.0,Clear,Field A
2022-11-03,05:15,Cow_22,13,0,6,0,27.0,Clear,Field C
2022-11-03,05:15,Cow_23,12,6,0,0,27.0,Clear,Field B
2022-11-03,05:15,Cow_24,12,5,0,0,27.0,Clear,Field C
2022-11-03,05:15,Cow_25,8,3,4,0,27.0,Clear,Field C
2022-11-03,05:15,Cow_26,5,6,4,0,27.0,Clear,Field A
2022-11-03,05:15,Cow_27,6,1,8,0,27.0,Clear,Field A
2022-11-03,05:15,Cow_28,9,5,1,0,27.0,Clear,Field B
2022-11-03,05:15,Cow_29,2,8,5,0,27.0,Clear,Field B
2022-11-03,05:15,Cow_30,7,3,5,0,27.0,Clear,Field C
2022-11-03,05:15,Cow_31,9,3,3,0,27.0,Clear,Field C
2022-11-03,05:15,Cow_32,7,4,4,0,27.0,Clear,Field B
2022-11-03,05:15,Cow_33,9,0,7,0,27.0,Clear,Field A
2022-11-03,05:15,Cow_34,6,6,3,0,27.0,Clear,Field C
2022-11-03,05:15,Cow_35,8,4,3,0,27.0,Clear,Field A
2022-11-03,05:15,Cow_36,12,8,0,0,27.0,Clear,Field B
2022-11-03,05:15,Cow_37,6,8,1,0,27.0,Clear,Field A
2022-11-03,05:15,Cow_38,5,10,0,0,27.0,Clear,Field C
2022-11-03,05:15,Cow_39,12,4,0,0,27.0,Clear,Field B
2022-11-03,05:15,Cow_40,10,9,0,0,27.0,Clear,Field B
2022-11-03,05:15,Cow_41,3,4,8,0,27.0,Clear,Field C
2022-11-03,05:15,Cow_42,9,5,1,0,27.0,Clear,Field B
2022-11-03,05:15,Cow_43,10,5,0,0,27.0,Clear,Field A
2022-11-03,05:15,Cow_44,8,0,8,0,27.0,Clear,Field B
2022-11-03,05:15,Cow_45,6,7,2,0,27.0,Clear,Field C
2022-11-03,05:15,Cow_46,9,0,7,0,27.0,Clear,Field A
2022-11-03,05:15,Cow_47,6,4,5,0,27.0,Clear,Field C
2022-11-03,05:15,Cow_48,10,10,0,0,27.0,Clear,Field B
2022-11-03,05:15,Cow_49,14,0,8,0,27.0,Clear,Field C
2022-11-03,05:30,Cow_1,14,0,3,0,30.8,Rainy,Field A
2022-11-03,05:30,Cow_2,5,5,5,0,30.8,Rainy,Field C
2022-11-03,05:30,Cow_3,7,1,7,0,30.8,Rainy,Field A
2022-11-03,05:30,Cow_4,6,3,6,0,30.8,Rainy,Field B
2022-11-03,05:30,Cow_5,14,4,0,0,30.8,Rainy,Field C
2022-11-03,05:30,Cow_6,0,11,4,0,30.8,Rainy,Field B
2022-11-03,05:30,Cow_7,9,0,6,0,30.8,Rainy,Field A
2022-11-03,05:30,Cow_8,13,3,0,0,30.8,Rainy,Field B
2022-11-03,05:30,Cow_9,6,4,5,0,30.8,Rainy,Field A
2022-11-03,05:30,Cow_10,10,6,0,0,30.8,Rainy,Field A
2022-11-03,05:30,Cow_11,4,7,4,0,30.8,Rainy,Field B
2022-11-03,05:30,Cow_12,9,9,0,0,30.8,Rainy,Field C
2022-11-03,05:30,Cow_13,1,9,5,0,30.8,Rainy,Field B
2022-11-03,05:30,Cow_14,9,0,8,0,30.8,Rainy,Field B
2022-11-03,05:30,Cow_15,13,10,0,0,30.8,Rainy,Field B
2022-11-03,05:30,Cow_16,12,3,0,0,30.8,Rainy,Field B
2022-11-03,05:30,Cow_17,7,9,0,0,30.8,Rainy,Field C
2022-11-03,05:30,Cow_18,6,9,0,0,30.8,Rainy,Field C
2022-11-03,05:30,Cow_19,5,10,0,0,30.8,Rainy,Field B
2022-11-03,05:30,Cow_20,14,9,0,0,30.8,Rainy,Field C
2022-11-03,05:30,Cow_21,1,8,6,0,30.8,Rainy,Field B
2022-11-03,05:30,Cow_22,0,8,10,0,30.8,Rainy,Field B
2022-11-03,05:30,Cow_23,9,3,3,0,30.8,Rainy,Field C
2022-11-03,05:30,Cow_24,11,1,3,0,30.8,Rainy,Field A
2022-11-03,05:30,Cow_25,7,2,6,0,30.8,Rainy,Field A
2022-11-03,05:30,Cow_26,7,8,0,0,30.8,Rainy,Field C
2022-11-03,05:30,Cow_27,11,0,4,0,30.8,Rainy,Field B
2022-11-03,05:30,Cow_28,0,9,6,0,30.8,Rainy,Field A
2022-11-03,05:30,Cow_29,8,3,4,0,30.8,Rainy,Field C
2022-11-03,05:30,Cow_30,0,7,8,0,30.8,Rainy,Field A
2022-11-03,05:30,Cow_31,8,9,0,0,30.8,Rainy,Field B
2022-11-03,05:30,Cow_32,1,7,7,0,30.8,Rainy,Field C
2022-11-03,05:30,Cow_33,0,9,8,0,30.8,Rainy,Field B
2022-11-03,05:30,Cow_34,7,5,3,0,30.8,Rainy,Field C
2022-11-03,05:30,Cow_35,5,8,2,0,30.8,Rainy,Field B
2022-11-03,05:30,Cow_36,7,5,3,0,30.8,Rainy,Field B
2022-11-03,05:30,Cow_37,1,10,4,0,30.8,Rainy,Field C
2022-11-03,05:30,Cow_38,10,0,8,0,30.8,Rainy,Field C
2022-11-03,05:30,Cow_39,3,9,3,0,30.8,Rainy,Field B
2022-11-03,05:30,Cow_40,0,8,9,0,30.8,Rainy,Field B
2022-11-03,05:30,Cow_41,13,0,7,0,30.8,Rainy,Field A
2022-11-03,05:30,Cow_42,0,0,0,15,30.8,Rainy,Field C
2022-11-03,05:30,Cow_43,9,3,3,0,30.8,Rainy,Field A
2022-11-03,05:30,Cow_44,7,4,4,0,30.8,Rainy,Field A
2022-11-03,05:30,Cow_45,3,4,8,0,30.8,Rainy,Field B
2022-11-03,05:30,Cow_46,0,0,0,15,30.8,Rainy,Field C
2022-11-03,05:30,Cow_47,0,9,7,0,30.8,Rainy,Field A
2022-11-03,05:30,Cow_48,5,4,6,0,30.8,Rainy,Field B
2022-11-03,05:30,Cow_49,9,3,3,0,30.8,Rainy,Field B
2022-11-03,05:45,Cow_1,3,7,5,0,24.2,Clear,Field C
2022-11-03,05:45,Cow_2,6,6,3,0,24.2,Clear,Field A
2022-11-03,05:45,Cow_3,2,8,5,0,24.2,Clear,Field B
2022-11-03,05:45,Cow_4,0,0,0,15,24.2,Clear,Field C
2022-11-03,05:45,Cow_5,5,5,5,0,24.2,Clear,Field B
2022-11-03,05:45,Cow_6,5,10,0,0,24.2,Clear,Field B
2022-11-03,05:45,Cow_7,13,5,0,0,24.2,Clear,Field B
2022-11-03,05:45,Cow_8,10,0,6,0,24.2,Clear,Field A
2022-11-03,05:45,Cow_9,6,6,3,0,24.2,Clear,Field A
2022-11-03,05:45,Cow_10,1,6,8,0,24.2,Clear,Field A
2022-11-03,05:45,Cow_11,4,4,7,0,24.2,Clear,Field B
2022-11-03,05:45,Cow_12,5,6,4,0,24.2,Clear,Field C
2022-11-03,05:45,Cow_13,7,4,4,0,24.2,Clear,Field B
2022-11-03,05:45,Cow_14,9,8,0,0,24.2,Clear,Field C
2022-11-03,05:45,Cow_15,4,9,2,0,24.2,Clear,Field A
2022-11-03,05:45,Cow_16,8,0,8,0,24.2,Clear,Field A
2022-11-03,05:45,Cow_17,7,8,0,0,24.2,Clear,Field C
2022-11-03,05:45,Cow_18,5,6,4,0,24.2,Clear,Field B
2022-11-03,05:45,Cow_19,8,6,1,0,24.2,Clear,Field A
2022-11-03,05:45,Cow_20,10,1,4,0,24.2,Clear,Field B
2022-11-03,05:45,Cow_21,14,7,0,0,24.2,Clear,Field A
2022-11-03,05:45,Cow_22,11,7,0,0,24.2,Clear,Field B
2022-11-03,05:45,Cow_23,8,0,7,0,24.2,Clear,Field A
2022-11-03,05:45,Cow_24,3,8,4,0,24.2,Clear,Field B
2022-11-03,05:45,Cow_25,5,3,7,0,24.2,Clear,Field A
2022-11-03,05:45,Cow_26,6,3,6,0,24.2,Clear,Field A
2022-11-03,05:45,Cow_27,12,7,0,0,24.2,Clear,Field C
2022-11-03,05:45,Cow_28,14,9,0,0,24.2,Clear,Field A
2022-11-03,05:45,Cow_29,12,10,0,0,24.2,Clear,Field C
2022-11-03,05:45,Cow_30,14,0,7,0,24.2,Clear,Field C
2022-11-03,05:45,Cow_31,9,10,0,0,24.2,Clear,Field C
2022-11-03,05:45,Cow_32,0,12,8,0,24.2,Clear,Field B
2022-11-03,05:45,Cow_33,14,0,8,0,24.2,Clear,Field B
2022-11-03,05:45,Cow_34,0,10,5,0,24.2,Clear,Field C
2022-11-03,05:45,Cow_35,13,8,0,0,24.2,Clear,Field C
2022-11-03,05:45,Cow_36,0,0,0,15,24.2,Clear,Field C
2022-11-03,05:45,Cow_37,12,6,0,0,24.2,Clear,Field C
2022-11-03,05:45,Cow_38,13,0,4,0,24.2,Clear,Field A
2022-11-03,05:45,Cow_39,12,0,8,0,24.2,Clear,Field A
2022-11-03,05:45,Cow_40,3,10,2,0,24.2,Clear,Field A
2022-11-03,05:45,Cow_41,11,7,0,0,24.2,Clear,Field C
2022-11-03,05:45,Cow_42,3,6,6,0,24.2,Clear,Field C
2022-11-03,05:45,Cow_43,0,0,0,15,24.2,Clear,Field B
2022-11-03,05:45,Cow_44,0,10,8,0,24.2,Clear,Field C
2022-11-03,05:45,Cow_45,11,1,3,0,24.2,Clear,Field C
2022-11-03,05:45,Cow_46,5,5,5,0,24.2,Clear,Field B
2022-11-03,05:45,Cow_47,9,1,5,0,24.2,Clear,Field C
2022-11-03,05:45,Cow_48,6,6,3,0,24.2,Clear,Field B
2022-11-03,05:45,Cow_49,11,1,3,0,24.2,Clear,Field A
2022-11-03,06:00,Cow_1,4,8,3,0,23.1,Clear,Field B
2022-11-03,06:00,Cow_2,8,3,4,0,23.1,Clear,Field A
2022-11-03,06:00,Cow_3,5,4,6,0,23.1,Clear,Field B
2022-11-03,06:00,Cow_4,6,3,6,0,23.1,Clear,Field A
2022-11-03,06:00,Cow_5,9,0,7,0,23.1,Clear,Field A
2022-11-03,06:00,Cow_6,12,0,7,0,23.1,Clear,Field A
2022-11-03,06:00,Cow_7,7,0,8,0,23.1,Clear,Field A
2022-11-03,06:00,Cow_8,13,5,0,0,23.1,Clear,Field C
2022-11-03,06:00,Cow_9,5,6,4,0,23.1,Clear,Field A
2022-11-03,06:00,Cow_10,6,5,4,0,23.1,Clear,Field C
2022-11-03,06:00,Cow_11,9,2,4,0,23.1,Clear,Field C
2022-11-03,06:00,Cow_12,15,5,0,0,23.1,Clear,Field C
2022-11-03,06:00,Cow_13,13,0,6,0,23.1,Clear,Field B
2022-11-03,06:00,Cow_14,8,2,5,0,23.1,Clear,Field A
2022-11-03,06:00,Cow_15,8,11,0,0,23.1,Clear,Field C
2022-11-03,06:00,Cow_16,8,11,0,0,23.1,Clear,Field B
2022-11-03,06:00,Cow_17,8,6,1,0,23.1,Clear,Field A
2022-11-03,06:00,Cow_18,11,10,0,0,23.1,Clear,Field C
2022-11-03,06:00,Cow_19,15,9,0,0,23.1,Clear,Field C
2022-11-03,06:00,Cow_20,0,10,8,0,23.1,Clear,Field C
2022-11-03,06:00,Cow_21,10,8,0,0,23.1,Clear,Field C
2022-11-03,06:00,Cow_22,8,5,2,0,23.1,Clear,Field B
2022-11-03,06:00,Cow_23,13,7,0,0,23.1,Clear,Field B
2022-11-03,06:00,Cow_24,6,4,5,0,23.1,Clear,Field C
2022-11-03,06:00,Cow_25,11,8,0,0,23.1,Clear,Field A
2022-11-03,06:00,Cow_26,11,0,7,0,23.1,Clear,Field A
2022-11-03,06:00,Cow_27,1,7,7,0,23.1,Clear,Field C
2022-11-03,06:00,Cow_28,2,5,8,0,23.1,Clear,Field C
2022-11-03,06:00,Cow_29,6,8,1,0,23.1,Clear,Field A
2022-11-03,06:00,Cow_30,9,0,6,0,23.1,Clear,Field B
2022-11-03,06:00,Cow_31,10,7,0,0,23.1,Clear,Field C
2022-11-03,06:00,Cow_32,11,8,0,0,23.1,Clear,Field C
2022-11-03,06:00,Cow_33,6,4,5,0,23.1,Clear,Field B
2022-11-03,06:00,Cow_34,3,6,6,0,23.1,Clear,Field A
2022-11-03,06:00,Cow_35,5,4,6,0,23.1,Clear,Field B
2022-11-03,06:00,Cow_36,7,3,5,0,23.1,Clear,Field C
2022-11-03,06:00,Cow_37,7,4,4,0,23.1,Clear,Field B
2022-11-03,06:00,Cow_38,0,9,7,0,23.1,Clear,Field B
2022-11-03,06:00,Cow_39,9,4,2,0,23.1,Clear,Field C
2022-11-03,06:00,Cow_40,6,3,6,0,23.1,Clear,Field B
2022-11-03,06:00,Cow_41,10,10,0,0,23.1,Clear,Field A
2022-11-03,06:00,Cow_42,11,12,0,0,23.1,Clear,Field C
2022-11-03,06:00,Cow_43,5,7,3,0,23.1,Clear,Field C
2022-11-03,06:00,Cow_44,14,0,3,0,23.1,Clear,Field C
2022-11-03,06:00,Cow_45,5,3,7,0,23.1,Clear,Field B
2022-11-03,06:00,Cow_46,5,6,4,0,23.1,Clear,Field B
2022-11-03,06:00,Cow_47,13,0,7,0,23.1,Clear,Field C
2022-11-03,06:00,Cow_48,5,6,4,0,23.1,Clear,Field C
2022-11-03,06:00,Cow_49,0,9,7,0,23.1,Clear,Field C
2022-11-03,06:15,Cow_1,5,5,5,0,30.7,Rainy,Field C
2022-11-03,06:15,Cow_2,12,0,7,0,30.7,Rainy,Field C
2022-11-03,06:15,Cow_3,3,7,5,0,30.7,Rainy,Field C
2022-11-03,06:15,Cow_4,9,2,4,0,30.7,Rainy,Field B
2022-11-03,06:15,Cow_5,1,7,7,0,30.7,Rainy,Field A
2022-11-03,06:15,Cow_6,0,11,6,0,30.7,Rainy,Field A
2022-11-03,06:15,Cow_7,9,9,0,0,30.7,Rainy,Field A
2022-11-03,06:15,Cow_8,1,9,5,0,30.7,Rainy,Field C
2022-11-03,06:15,Cow_9,13,0,4,0,30.7,Rainy,Field C
2022-11-03,06:15,Cow_10,7,7,1,0,30.7,Rainy,Field B
2022-11-03,06:15,Cow_11,0,9,8,0,30.7,Rainy,Field C
2022-11-03,06:15,Cow_12,0,6,10,0,30.7,Rainy,Field B
2022-11-03,06:15,Cow_13,11,0,6,0,30.7,Rainy,Field B
2022-11-03,06:15,Cow_14,11,1,3,0,30.7,Rainy,Field B
2022-11-03,06:15,Cow_15,14,0,4,0,30.7,Rainy,Field C
2022-11-03,06:15,Cow_16,9,0,6,0,30.7,Rainy,Field C
2022-11-03,06:15,Cow_17,13,0,4,0,30.7,Rainy,Field B
2022-11-03,06:15,Cow_18,0,7,8,0,30.7,Rainy,Field C
2022-11-03,06:15,Cow_19,6,0,10,0,30.7,Rainy,Field C
2022-11-03,06:15,Cow_20,4,5,6,0,30.7,Rainy,Field B
2022-11-03,06:15,Cow_21,14,0,8,0,30.7,Rainy,Field B
2022-11-03,06:15,Cow_22,0,12,7,0,30.7,Rainy,Field B
2022-11-03,06:15,Cow_23,11,0,8,0,30.7,Rainy,Field A
2022-11-03,06:15,Cow_24,6,3,6,0,30.7,Rainy,Field C
2022-11-03,06:15,Cow_25,5,7,3,0,30.7,Rainy,Field A
2022-11-03,06:15,Cow_26,11,0,5,0,30.7,Rainy,Field C
2022-11-03,06:15,Cow_27,10,6,0,0,30.7,Rainy,Field A
2022-11-03,06:15,Cow_28,10,0,7,0,30.7,Rainy,Field C
2022-11-03,06:15,Cow_29,4,7,4,0,30.7,Rainy,Field A
2022-11-03,06:15,Cow_30,0,9,7,0,30.7,Rainy,Field A
2022-11-03,06:15,Cow_31,9,3,3,0,30.7,Rainy,Field A
2022-11-03,06:15,Cow_32,8,0,10,0,30.7,Rainy,Field B
2022-11-03,06:15,Cow_33,3,5,7,0,30.7,Rainy,Field C
2022-11-03,06:15,Cow_34,11,0,8,0,30.7,Rainy,Field A
2022-11-03,06:15,Cow_35,5,6,4,0,30.7,Rainy,Field A
2022-11-03,06:15,Cow_36,0,8,7,0,30.7,Rainy,Field C
2022-11-03,06:15,Cow_37,11,5,0,0,30.7,Rainy,Field B
2022-11-03,06:15,Cow_38,9,0,6,0,30.7,Rainy,Field C
2022-11-03,06:15,Cow_39,5,4,6,0,30.7,Rainy,Field A
2022-11-03,06:15,Cow_40,15,0,7,0,30.7,Rainy,Field C
2022-11-03,06:15,Cow_41,2,10,3,0,30.7,Rainy,Field A
2022-11-03,06:15,Cow_42,13,10,0,0,30.7,Rainy,Field C
2022-11-03,06:15,Cow_43,8,3,4,0,30.7,Rainy,Field B
2022-11-03,06:15,Cow_44,5,5,5,0,30.7,Rainy,Field C
2022-11-03,06:15,Cow_45,8,1,6,0,30.7,Rainy,Field C
2022-11-03,06:15,Cow_46,10,0,8,0,30.7,Rainy,Field C
2022-11-03,06:15,Cow_47,11,0,7,0,30.7,Rainy,Field A
2022-11-03,06:15,Cow_48,0,0,0,15,30.7,Rainy,Field B
2022-11-03,06:15,Cow_49,12,7,0,0,30.7,Rainy,Field C
2022-11-03,06:30,Cow_1,0,8,8,0,27.7,Clear,Field C
2022-11-03,06:30,Cow_2,8,10,0,0,27.7,Clear,Field C
2022-11-03,06:30,Cow_3,5,2,8,0,27.7,Clear,Field A
2022-11-03,06:30,Cow_4,7,0,8,0,27.7,Clear,Field B
2022-11-03,06:30,Cow_5,2,8,5,0,27.7,Clear,Field B
2022-11-03,06:30,Cow_6,0,0,0,15,27.7,Clear,Field C
2022-11-03,06:30,Cow_7,13,0,7,0,27.7,Clear,Field A
2022-11-03,06:30,Cow_8,9,6,0,0,27.7,Clear,Field B
2022-11-03,06:30,Cow_9,12,10,0,0,27.7,Clear,Field B
2022-11-03,06:30,Cow_10,11,0,6,0,27.7,Clear,Field A
2022-11-03,06:30,Cow_11,12,0,5,0,27.7,Clear,Field B
2022-11-03,06:30,Cow_12,6,8,1,0,27.7,Clear,Field A
2022-11-03,06:30,Cow_13,0,0,0,15,27.7,Clear,Field A
2022-11-03,06:30,Cow_14,11,0,8,0,27.7,Clear,Field B
2022-11-03,06:30,Cow_15,0,0,0,15,27.7,Clear,Field C
2022-11-03,06:30,Cow_16,7,4,4,0,27.7,Clear,Field A
2022-11-03,06:30,Cow_17,11,9,0,0,27.7,Clear,Field B
2022-11-03,06:30,Cow_18,4,6,5,0,27.7,Clear,Field B
2022-11-03,06:30,Cow_19,14,8,0,0,27.7,Clear,Field C
2022-11-03,06:30,Cow_20,0,0,0,15,27.7,Clear,Field A
2022-11-03,06:30,Cow_21,5,7,3,0,27.7,Clear,Field A
2022-11-03,06:30,Cow_22,9,0,7,0,27.7,Clear,Field B
2022-11-03,06:30,Cow_23,5,10,0,0,27.7,Clear,Field C
2022-11-03,06:30,Cow_24,12,0,7,0,27.7,Clear,Field B
2022-11-03,06:30,Cow_25,1,8,6,0,27.7,Clear,Field A
2022-11-03,06:30,Cow_26,12,0,3,0,27.7,Clear,Field B
2022-11-03,06:30,Cow_27,15,0,8,0,27.7,Clear,Field B
2022-11-03,06:30,Cow_28,9,4,2,0,27.7,Clear,Field B
2022-11-03,06:30,Cow_29,5,9,1,0,27.7,Clear,Field B
2022-11-03,06:30,Cow_30,6,5,4,0,27.7,Clear,Field B
2022-11-03,06:30,Cow_31,8,5,2,0,27.7,Clear,Field C
2022-11-03,06:30,Cow_32,14,0,7,0,27.7,Clear,Field C
2022-11-03,06:30,Cow_33,12,0,8,0,27.7,Clear,Field B
2022-11-03,06:30,Cow_34,0,0,0,15,27.7,Clear,Field B
2022-11-03,06:30,Cow_35,4,7,4,0,27.7,Clear,Field C
2022-11-03,06:30,Cow_36,13,9,0,0,27.7,Clear,Field C
2022-11-03,06:30,Cow_37,10,0,8,0,27.7,Clear,Field B
2022-11-03,06:30,Cow_38,12,9,0,0,27.7,Clear,Field C
2022-11-03,06:30,Cow_39,11,11,0,0,27.7,Clear,Field C
2022-11-03,06:30,Cow_40,8,0,8,0,27.7,Clear,Field B
2022-11-03,06:30,Cow_41,11,0,6,0,27.7,Clear,Field A
2022-11-03,06:30,Cow_42,12,6,0,0,27.7,Clear,Field A
2022-11-03,06:30,Cow_43,11,9,0,0,27.7,Clear,Field B
2022-11-03,06:30,Cow_44,8,4,3,0,27.7,Clear,Field C
2022-11-03,06:30,Cow_45,2,5,8,0,27.7,Clear,Field B
2022-11-03,06:30,Cow_46,10,4,1,0,27.7,Clear,Field B
2022-11-03,06:30,Cow_47,5,2,8,0,27.7,Clear,Field B
2022-11-03,06:30,Cow_48,7,5,3,0,27.7,Clear,Field C
2022-11-03,06:30,Cow_49,0,0,0,15,27.7,Clear,Field A
2022-11-03,06:45,Cow_1,6,6,3,0,26.8,Cloudy,Field C
2022-11-03,06:45,Cow_2,9,1,5,0,26.8,Cloudy,Field B
2022-11-03,06:45,Cow_3,0,10,8,0,26.8,Cloudy,Field C
2022-11-03,06:45,Cow_4,0,0,0,15,26.8,Cloudy,Field C
2022-11-03,06:45,Cow_5,5,3,7,0,26.8,Cloudy,Field B
2022-11-03,06:45,Cow_6,12,0,7,0,26.8,Cloudy,Field C
2022-11-03,06:45,Cow_7,7,1,7,0,26.8,Cloudy,Field B
2022-11-03,06:45,Cow_8,7,11,0,0,26.8,Cloudy,Field C
2022-11-03,06:45,Cow_9,0,8,7,0,26.8,Cloudy,Field C
2022-11-03,06:45,Cow_10,0,10,5,0,26.8,Cloudy,Field B
2022-11-03,06:45,Cow_11,0,10,6,0,26.8,Cloudy,Field A
2022-11-03,06:45,Cow_12,5,0,10,0,26.8,Cloudy,Field A
2022-11-03,06:45,Cow_13,9,1,5,0,26.8,Cloudy,Field C
2022-11-03,06:45,Cow_14,11,8,0,0,26.8,Cloudy,Field A
2022-11-03,06:45,Cow_15,7,12,0,0,26.8,Cloudy,Field B
2022-11-03,06:45,Cow_16,1,12,2,0,26.8,Cloudy,Field C
2022-11-03,06:45,Cow_17,4,8,3,0,26.8,Cloudy,Field A
2022-11-03,06:45,Cow_18,6,7,2,0,26.8,Cloudy,Field A
2022-11-03,06:45,Cow_19,7,3,5,0,26.8,Cloudy,Field B
2022-11-03,06:45,Cow_20,6,4,5,0,26.8,Cloudy,Field C
2022-11-03,06:45,Cow_21,12,0,3,0,26.8,Cloudy,Field C
2022-11-03,06:45,Cow_22,9,0,8,0,26.8,Cloudy,Field A
2022-11-03,06:45,Cow_23,5,5,5,0,26.8,Cloudy,Field B
2022-11-03,06:45,Cow_24,4,3,8,0,26.8,Cloudy,Field C
2022-11-03,06:45,Cow_25,8,4,3,0,26.8,Cloudy,Field A
2022-11-03,06:45,Cow_26,10,1,4,0,26.8,Cloudy,Field C
2022-11-03,06:45,Cow_27,7,3,5,0,26.8,Cloudy,Field B
2022-11-03,06:45,Cow_28,2,10,3,0,26.8,Cloudy,Field A
2022-11-03,06:45,Cow_29,7,8,0,0,26.8,Cloudy,Field C
2022-11-03,06:45,Cow_30,5,8,2,0,26.8,Cloudy,Field B
2022-11-03,06:45,Cow_31,13,4,0,0,26.8,Cloudy,Field A
2022-11-03,06:45,Cow_32,13,3,0,0,26.8,Cloudy,Field A
2022-11-03,06:45,Cow_33,13,0,5,0,26.8,Cloudy,Field B
2022-11-03,06:45,Cow_34,5,9,1,0,26.8,Cloudy,Field A
2022-11-03,06:45,Cow_35,10,2,3,0,26.8,Cloudy,Field C
2022-11-03,06:45,Cow_36,8,0,7,0,26.8,Cloudy,Field A
2022-11-03,06:45,Cow_37,11,8,0,0,26.8,Cloudy,Field A
2022-11-03,06:45,Cow_38,3,9,3,0,26.8,Cloudy,Field B
2022-11-03,06:45,Cow_39,8,6,1,0,26.8,Cloudy,Field A
2022-11-03,06:45,Cow_40,0,10,9,0,26.8,Cloudy,Field B
2022-11-03,06:45,Cow_41,5,6,4,0,26.8,Cloudy,Field B
2022-11-03,06:45,Cow_42,5,6,4,0,26.8,Cloudy,Field C
2022-11-03,06:45,Cow_43,6,3,6,0,26.8,Cloudy,Field B
2022-11-03,06:45,Cow_44,7,3,5,0,26.8,Cloudy,Field C
2022-11-03,06:45,Cow_45,3,9,3,0,26.8,Cloudy,Field B
2022-11-03,06:45,Cow_46,10,10,0,0,26.8,Cloudy,Field C
2022-11-03,06:45,Cow_47,3,4,8,0,26.8,Cloudy,Field C
2022-11-03,06:45,Cow_48,8,10,0,0,26.8,Cloudy,Field C
2022-11-03,06:45,Cow_49,14,0,7,0,26.8,Cloudy,Field C
2022-11-03,07:00,Cow_1,6,6,3,0,33.0,Clear,Field C
2022-11-03,07:00,Cow_2,3,7,5,0,33.0,Clear,Field B
2022-11-03,07:00,Cow_3,11,7,0,0,33.0,Clear,Field C
2022-11-03,07:00,Cow_4,6,1,8,0,33.0,Clear,Field B
2022-11-03,07:00,Cow_5,14,0,6,0,33.0,Clear,Field C
2022-11-03,07:00,Cow_6,5,6,4,0,33.0,Clear,Field B
2022-11-03,07:00,Cow_7,7,9,0,0,33.0,Clear,Field C
2022-11-03,07:00,Cow_8,0,0,0,15,33.0,Clear,Field A
2022-11-03,07:00,Cow_9,2,5,8,0,33.0,Clear,Field A
2022-11-03,07:00,Cow_10,14,0,3,0,33.0,Clear,Field B
2022-11-03,07:00,Cow_11,8,8,0,0,33.0,Clear,Field A
2022-11-03,07:00,Cow_12,8,9,0,0,33.0,Clear,Field B
2022-11-03,07:00,Cow_13,10,2,3,0,33.0,Clear,Field C
2022-11-03,07:00,Cow_14,5,5,5,0,33.0,Clear,Field B
2022-11-03,07:00,Cow_15,11,0,5,0,33.0,Clear,Field A
2022-11-03,07:00,Cow_16,8,4,3,0,33.0,Clear,Field B
2022-11-03,07:00,Cow_17,7,2,6,0,33.0,Clear,Field A
2022-11-03,07:00,Cow_18,5,2,8,0,33.0,Clear,Field C
2022-11-03,07:00,Cow_19,12,0,5,0,33.0,Clear,Field A
2022-11-03,07:00,Cow_20,0,9,8,0,33.0,Clear,Field A
2022-11-03,07:00,Cow_21,10,0,8,0,33.0,Clear,Field C
2022-11-03,07:00,Cow_22,9,0,8,0,33.0,Clear,Field C
2022-11-03,07:00,Cow_23,10,6,0,0,33.0,Clear,Field A
2022-11-03,07:00,Cow_24,9,8,0,0,33.0,Clear,Field C
2022-11-03,07:00,Cow_25,9,2,4,0,33.0,Clear,Field B
2022-11-03,07:00,Cow_26,14,0,7,0,33.0,Clear,Field B
2022-11-03,07:00,Cow_27,13,0,5,0,33.0,Clear,Field B
2022-11-03,07:00,Cow_28,10,0,5,0,33.0,Clear,Field B
2022-11-03,07:00,Cow_29,0,10,8,0,33.0,Clear,Field C
2022-11-03,07:00,Cow_30,10,9,0,0,33.0,Clear,Field B
2022-11-03,07:00,Cow_31,9,5,1,0,33.0,Clear,Field B
2022-11-03,07:00,Cow_32,2,5,8,0,33.0,Clear,Field C
2022-11-03,07:00,Cow_33,7,4,4,0,33.0,Clear,Field B
2022-11-03,07:00,Cow_34,12,0,3,0,33.0,Clear,Field B
2022-11-03,07:00,Cow_35,12,0,4,0,33.0,Clear,Field B
2022-11-03,07:00,Cow_36,4,7,4,0,33.0,Clear,Field C
2022-11-03,07:00,Cow_37,8,8,0,0,33.0,Clear,Field B
2022-11-03,07:00,Cow_38,14,0,4,0,33.0,Clear,Field A
2022-11-03,07:00,Cow_39,11,0,5,0,33.0,Clear,Field C
2022-11-03,07:00,Cow_40,11,3,1,0,33.0,Clear,Field C
2022-11-03,07:00,Cow_41,7,1,7,0,33.0,Clear,Field C
2022-11-03,07:00,Cow_42,15,0,9,0,33.0,Clear,Field C
2022-11-03,07:00,Cow_43,13,10,0,0,33.0,Clear,Field C
2022-11-03,07:00,Cow_44,14,7,0,0,33.0,Clear,Field C
2022-11-03,07:00,Cow_45,4,8,3,0,33.0,Clear,Field C
2022-11-03,07:00,Cow_46,8,4,3,0,33.0,Clear,Field A
2022-11-03,07:00,Cow_47,8,6,1,0,33.0,Clear,Field A
2022-11-03,07:00,Cow_48,11,1,3,0,33.0,Clear,Field B
2022-11-03,07:00,Cow_49,6,4,5,0,33.0,Clear,Field A
2022-11-03,07:15,Cow_1,7,4,4,0,28.7,Clear,Field C
2022-11-03,07:15,Cow_2,12,6,0,0,28.7,Clear,Field A
2022-11-03,07:15,Cow_3,0,10,8,0,28.7,Clear,Field C
2022-11-03,07:15,Cow_4,6,4,5,0,28.7,Clear,Field C
2022-11-03,07:15,Cow_5,12,0,6,0,28.7,Clear,Field A
2022-11-03,07:15,Cow_6,0,12,7,0,28.7,Clear,Field C
2022-11-03,07:15,Cow_7,14,9,0,0,28.7,Clear,Field A
2022-11-03,07:15,Cow_8,0,0,0,15,28.7,Clear,Field A
2022-11-03,07:15,Cow_9,13,6,0,0,28.7,Clear,Field C
2022-11-03,07:15,Cow_10,14,9,0,0,28.7,Clear,Field A
2022-11-03,07:15,Cow_11,13,7,0,0,28.7,Clear,Field A
2022-11-03,07:15,Cow_12,0,0,0,15,28.7,Clear,Field C
2022-11-03,07:15,Cow_13,12,0,6,0,28.7,Clear,Field B
2022-11-03,07:15,Cow_14,6,1,8,0,28.7,Clear,Field A
2022-11-03,07:15,Cow_15,10,1,4,0,28.7,Clear,Field B
2022-11-03,07:15,Cow_16,12,0,4,0,28.7,Clear,Field C
2022-11-03,07:15,Cow_17,7,1,7,0,28.7,Clear,Field B
2022-11-03,07:15,Cow_18,12,0,4,0,28.7,Clear,Field A
2022-11-03,07:15,Cow_19,11,0,9,0,28.7,Clear,Field B
2022-11-03,07:15,Cow_20,6,5,4,0,28.7,Clear,Field A
2022-11-03,07:15,Cow_21,0,8,8,0,28.7,Clear,Field B
2022-11-03,07:15,Cow_22,12,10,0,0,28.7,Clear,Field B
2022-11-03,07:15,Cow_23,7,5,3,0,28.7,Clear,Field C
2022-11-03,07:15,Cow_24,8,7,0,0,28.7,Clear,Field A
2022-11-03,07:15,Cow_25,7,5,3,0,28.7,Clear,Field B
2022-11-03,07:15,Cow_26,6,6,3,0,28.7,Clear,Field A
2022-11-03,07:15,Cow_27,12,12,0,0,28.7,Clear,Field A
2022-11-03,07:15,Cow_28,10,9,0,0,28.7,Clear,Field A
2022-11-03,07:15,Cow_29,6,5,4,0,28.7,Clear,Field A
2022-11-03,07:15,Cow_30,12,0,3,0,28.7,Clear,Field C
2022-11-03,07:15,Cow_31,1,6,8,0,28.7,Clear,Field B
2022-11-03,07:15,Cow_32,14,9,0,0,28.7,Clear,Field C
2022-11-03,07:15,Cow_33,10,10,0,0,28.7,Clear,Field C
2022-11-03,07:15,Cow_34,1,10,4,0,28.7,Clear,Field B
2022-11-03,07:15,Cow_35,9,2,4,0,28.7,Clear,Field A
2022-11-03,07:15,Cow_36,6,2,7,0,28.7,Clear,Field A
2022-11-03,07:15,Cow_37,2,7,6,0,28.7,Clear,Field A
2022-11-03,07:15,Cow_38,13,0,4,0,28.7,Clear,Field A
2022-11-03,07:15,Cow_39,5,8,2,0,28.7,Clear,Field B
2022-11-03,07:15,Cow_40,5,11,0,0,28.7,Clear,Field A
2022-11-03,07:15,Cow_41,10,7,0,0,28.7,Clear,Field B
2022-11-03,07:15,Cow_42,15,0,3,0,28.7,Clear,Field A
2022-11-03,07:15,Cow_43,9,0,6,0,28.7,Clear,Field A
2022-11-03,07:15,Cow_44,13,8,0,0,28.7,Clear,Field C
2022-11-03,07:15,Cow_45,9,6,0,0,28.7,Clear,Field B
2022-11-03,07:15,Cow_46,0,0,0,15,28.7,Clear,Field C
2022-11-03,07:15,Cow_47,9,4,2,0,28.7,Clear,Field C
2022-11-03,07:15,Cow_48,0,0,0,15,28.7,Clear,Field C
2022-11-03,07:15,Cow_49,6,4,5,0,28.7,Clear,Field C
2022-11-03,07:30,Cow_1,0,7,8,0,36.7,Clear,Field A
2022-11-03,07:30,Cow_2,14,0,3,0,36.7,Clear,Field A
2022-11-03,07:30,Cow_3,7,8,0,0,36.7,Clear,Field B
2022-11-03,07:30,Cow_4,8,7,0,0,36.7,Clear,Field A
2022-11-03,07:30,Cow_5,12,8,0,0,36.7,Clear,Field C
2022-11-03,07:30,Cow_6,15,0,5,0,36.7,Clear,Field A
2022-11-03,07:30,Cow_7,0,7,8,0,36.7,Clear,Field C
2022-11-03,07:30,Cow_8,6,6,3,0,36.7,Clear,Field A
2022-11-03,07:30,Cow_9,12,0,8,0,36.7,Clear,Field C
2022-11-03,07:30,Cow_10,7,3,5,0,36.7,Clear,Field C
2022-11-03,07:30,Cow_11,6,7,2,0,36.7,Clear,Field B
2022-11-03,07:30,Cow_12,14,5,0,0,36.7,Clear,Field A
2022-11-03,07:30,Cow_13,8,1,6,0,36.7,Clear,Field B
2022-11-03,07:30,Cow_14,7,5,3,0,36.7,Clear,Field B
2022-11-03,07:30,Cow_15,8,3,4,0,36.7,Clear,Field A
2022-11-03,07:30,Cow_16,0,11,8,0,36.7,Clear,Field B
2022-11-03,07:30,Cow_17,12,0,4,0,36.7,Clear,Field C
2022-11-03,07:30,Cow_18,3,7,5,0,36.7,Clear,Field B
2022-11-03,07:30,Cow_19,2,11,2,0,36.7,Clear,Field C
2022-11-03,07:30,Cow_20,1,9,5,0,36.7,Clear,Field A
2022-11-03,07:30,Cow_21,10,0,8,0,36.7,Clear,Field C
2022-11-03,07:30,Cow_22,6,7,2,0,36.7,Clear,Field C
2022-11-03,07:30,Cow_23,11,7,0,0,36.7,Clear,Field B
2022-11-03,07:30,Cow_24,11,3,1,0,36.7,Clear,Field C
2022-11-03,07:30,Cow_25,2,6,7,0,36.7,Clear,Field B
2022-11-03,07:30,Cow_26,0,0,0,15,36.7,Clear,Field B
2022-11-03,07:30,Cow_27,0,10,5,0,36.7,Clear,Field C
2022-11-03,07:30,Cow_28,8,4,3,0,36.7,Clear,Field C
2022-11-03,07:30,Cow_29,13,0,6,0,36.7,Clear,Field C
2022-11-03,07:30,Cow_30,10,7,0,0,36.7,Clear,Field C
2022-11-03,07:30,Cow_31,6,4,5,0,36.7,Clear,Field C
2022-11-03,07:30,Cow_32,1,10,4,0,36.7,Clear,Field B
2022-11-03,07:30,Cow_33,10,2,3,0,36.7,Clear,Field A
2022-11-03,07:30,Cow_34,2,6,7,0,36.7,Clear,Field A
2022-11-03,07:30,Cow_35,8,3,4,0,36.7,Clear,Field C
2022-11-03,07:30,Cow_36,5,5,5,0,36.7,Clear,Field C
2022-11-03,07:30,Cow_37,8,1,6,0,36.7,Clear,Field A
2022-11-03,07:30,Cow_38,6,10,0,0,36.7,Clear,Field B
2022-11-03,07:30,Cow_39,0,9,10,0,36.7,Clear,Field C
2022-11-03,07:30,Cow_40,10,11,0,0,36.7,Clear,Field C
2022-11-03,07:30,Cow_41,5,2,8,0,36.7,Clear,Field B
2022-11-03,07:30,Cow_42,1,10,4,0,36.7,Clear,Field B
2022-11-03,07:30,Cow_43,0,10,7,0,36.7,Clear,Field C
2022-11-03,07:30,Cow_44,13,0,6,0,36.7,Clear,Field A
2022-11-03,07:30,Cow_45,6,6,3,0,36.7,Clear,Field B
2022-11-03,07:30,Cow_46,5,5,5,0,36.7,Clear,Field B
2022-11-03,07:30,Cow_47,8,7,0,0,36.7,Clear,Field C
2022-11-03,07:30,Cow_48,3,6,6,0,36.7,Clear,Field C
2022-11-03,07:30,Cow_49,8,6,1,0,36.7,Clear,Field A
2022-11-03,07:45,Cow_1,5,5,5,0,31.7,Clear,Field C
2022-11-03,07:45,Cow_2,6,6,3,0,31.7,Clear,Field B
2022-11-03,07:45,Cow_3,0,9,8,0,31.7,Clear,Field B
2022-11-03,07:45,Cow_4,11,9,0,0,31.7,Clear,Field C
2022-11-03,07:45,Cow_5,12,8,0,0,31.7,Clear,Field A
2022-11-03,07:45,Cow_6,6,3,6,0,31.7,Clear,Field C
2022-11-03,07:45,Cow_7,11,3,1,0,31.7,Clear,Field A
2022-11-03,07:45,Cow_8,6,7,2,0,31.7,Clear,Field C
2022-11-03,07:45,Cow_9,7,8,0,0,31.7,Clear,Field A
2022-11-03,07:45,Cow_10,0,10,8,0,31.7,Clear,Field B
2022-11-03,07:45,Cow_11,4,5,6,0,31.7,Clear,Field C
2022-11-03,07:45,Cow_12,13,0,2,0,31.7,Clear,Field A
2022-11-03,07:45,Cow_13,11,8,0,0,31.7,Clear,Field C
2022-11-03,07:45,Cow_14,12,6,0,0,31.7,Clear,Field B
2022-11-03,07:45,Cow_15,0,12,10,0,31.7,Clear,Field B
2022-11-03,07:45,Cow_16,11,0,10,0,31.7,Clear,Field A
2022-11-03,07:45,Cow_17,1,9,5,0,31.7,Clear,Field B
2022-11-03,07:45,Cow_18,11,7,0,0,31.7,Clear,Field A
2022-11-03,07:45,Cow_19,9,3,3,0,31.7,Clear,Field A
2022-11-03,07:45,Cow_20,10,6,0,0,31.7,Clear,Field B
2022-11-03,07:45,Cow_21,6,3,6,0,31.7,Clear,Field A
2022-11-03,07:45,Cow_22,5,7,3,0,31.7,Clear,Field C
2022-11-03,07:45,Cow_23,10,2,3,0,31.7,Clear,Field B
2022-11-03,07:45,Cow_24,2,6,7,0,31.7,Clear,Field B
2022-11-03,07:45,Cow_25,12,0,4,0,31.7,Clear,Field C
2022-11-03,07:45,Cow_26,9,4,2,0,31.7,Clear,Field A
2022-11-03,07:45,Cow_27,3,3,9,0,31.7,Clear,Field B
2022-11-03,07:45,Cow_28,8,4,3,0,31.7,Clear,Field B
2022-11-03,07:45,Cow_29,0,0,0,15,31.7,Clear,Field C
2022-11-03,07:45,Cow_30,13,0,5,0,31.7,Clear,Field A
2022-11-03,07:45,Cow_31,6,6,3,0,31.7,Clear,Field B
2022-11-03,07:45,Cow_32,14,0,2,0,31.7,Clear,Field A
2022-11-03,07:45,Cow_33,6,5,4,0,31.7,Clear,Field B
2022-11-03,07:45,Cow_34,10,0,5,0,31.7,Clear,Field B
2022-11-03,07:45,Cow_35,0,7,8,0,31.7,Clear,Field C
2022-11-03,07:45,Cow_36,10,5,0,0,31.7,Clear,Field C
2022-11-03,07:45,Cow_37,3,4,8,0,31.7,Clear,Field C
2022-11-03,07:45,Cow_38,14,0,5,0,31.7,Clear,Field C
2022-11-03,07:45,Cow_39,2,8,5,0,31.7,Clear,Field A
2022-11-03,07:45,Cow_40,5,10,0,0,31.7,Clear,Field B
2022-11-03,07:45,Cow_41,12,0,7,0,31.7,Clear,Field C
2022-11-03,07:45,Cow_42,12,1,2,0,31.7,Clear,Field A
2022-11-03,07:45,Cow_43,8,4,3,0,31.7,Clear,Field B
2022-11-03,07:45,Cow_44,8,4,3,0,31.7,Clear,Field A
2022-11-03,07:45,Cow_45,14,0,3,0,31.7,Clear,Field B
2022-11-03,07:45,Cow_46,8,6,1,0,31.7,Clear,Field B
2022-11-03,07:45,Cow_47,0,0,0,15,31.7,Clear,Field A
2022-11-03,07:45,Cow_48,12,0,5,0,31.7,Clear,Field B
2022-11-03,07:45,Cow_49,0,0,0,15,31.7,Clear,Field C
2022-11-03,08:00,Cow_1,2,8,5,0,31.2,Clear,Field B
2022-11-03,08:00,Cow_2,5,4,6,0,31.2,Clear,Field A
2022-11-03,08:00,Cow_3,9,7,0,0,31.2,Clear,Field A
2022-11-03,08:00,Cow_4,8,4,3,0,31.2,Clear,Field C
2022-11-03,08:00,Cow_5,9,0,6,0,31.2,Clear,Field C
2022-11-03,08:00,Cow_6,0,6,9,0,31.2,Clear,Field C
2022-11-03,08:00,Cow_7,13,7,0,0,31.2,Clear,Field C
2022-11-03,08:00,Cow_8,11,5,0,0,31.2,Clear,Field A
2022-11-03,08:00,Cow_9,7,2,6,0,31.2,Clear,Field A
2022-11-03,08:00,Cow_10,14,0,6,0,31.2,Clear,Field B
2022-11-03,08:00,Cow_11,9,3,3,0,31.2,Clear,Field C
2022-11-03,08:00,Cow_12,15,0,4,0,31.2,Clear,Field A
2022-11-03,08:00,Cow_13,0,8,8,0,31.2,Clear,Field B
2022-11-03,08:00,Cow_14,5,6,4,0,31.2,Clear,Field A
2022-11-03,08:00,Cow_15,0,11,8,0,31.2,Clear,Field C
2022-11-03,08:00,Cow_16,13,0,8,0,31.2,Clear,Field B
2022-11-03,08:00,Cow_17,14,0,6,0,31.2,Clear,Field A
2022-11-03,08:00,Cow_18,1,9,5,0,31.2,Clear,Field A
2022-11-03,08:00,Cow_19,10,0,8,0,31.2,Clear,Field B
2022-11-03,08:00,Cow_20,10,0,8,0,31.2,Clear,Field B
2022-11-03,08:00,Cow_21,5,7,3,0,31.2,Clear,Field B
2022-11-03,08:00,Cow_22,14,8,0,0,31.2,Clear,Field A
2022-11-03,08:00,Cow_23,6,6,3,0,31.2,Clear,Field B
2022-11-03,08:00,Cow_24,5,2,8,0,31.2,Clear,Field A
2022-11-03,08:00,Cow_25,13,4,0,0,31.2,Clear,Field C
2022-11-03,08:00,Cow_26,10,2,3,0,31.2,Clear,Field B
2022-11-03,08:00,Cow_27,8,0,8,0,31.2,Clear,Field B
2022-11-03,08:00,Cow_28,7,4,4,0,31.2,Clear,Field C
2022-11-03,08:00,Cow_29,9,6,0,0,31.2,Clear,Field A
2022-11-03,08:00,Cow_30,5,3,7,0,31.2,Clear,Field C
2022-11-03,08:00,Cow_31,8,9,0,0,31.2,Clear,Field B
2022-11-03,08:00,Cow_32,5,3,7,0,31.2,Clear,Field C
2022-11-03,08:00,Cow_33,12,10,0,0,31.2,Clear,Field A
2022-11-03,08:00,Cow_34,9,6,0,0,31.2,Clear,Field B
2022-11-03,08:00,Cow_35,5,5,5,0,31.2,Clear,Field C
2022-11-03,08:00,Cow_36,6,5,4,0,31.2,Clear,Field A
2022-11-03,08:00,Cow_37,8,4,3,0,31.2,Clear,Field A
2022-11-03,08:00,Cow_38,11,0,7,0,31.2,Clear,Field B
2022-11-03,08:00,Cow_39,8,3,4,0,31.2,Clear,Field B
2022-11-03,08:00,Cow_40,0,0,0,15,31.2,Clear,Field B
2022-11-03,08:00,Cow_41,14,0,5,0,31.2,Clear,Field A
2022-11-03,08:00,Cow_42,0,8,9,0,31.2,Clear,Field C
2022-11-03,08:00,Cow_43,5,4,6,0,31.2,Clear,Field A
2022-11-03,08:00,Cow_44,7,3,5,0,31.2,Clear,Field B
2022-11-03,08:00,Cow_45,14,0,8,0,31.2,Clear,Field C
2022-11-03,08:00,Cow_46,6,6,3,0,31.2,Clear,Field B
2022-11-03,08:00,Cow_47,14,10,0,0,31.2,Clear,Field C
2022-11-03,08:00,Cow_48,0,9,7,0,31.2,Clear,Field A
2022-11-03,08:00,Cow_49,7,5,3,0,31.2,Clear,Field A
2022-11-03,08:15,Cow_1,7,4,4,0,31.2,Sunny,Field A
2022-11-03,08:15,Cow_2,0,10,5,0,31.2,Sunny,Field B
2022-11-03,08:15,Cow_3,9,1,5,0,31.2,Sunny,Field B
2022-11-03,08:15,Cow_4,7,0,8,0,31.2,Sunny,Field A
2022-11-03,08:15,Cow_5,3,6,6,0,31.2,Sunny,Field A
2022-11-03,08:15,Cow_6,10,5,0,0,31.2,Sunny,Field B
2022-11-03,08:15,Cow_7,6,5,4,0,31.2,Sunny,Field C
2022-11-03,08:15,Cow_8,5,0,10,0,31.2,Sunny,Field C
2022-11-03,08:15,Cow_9,12,5,0,0,31.2,Sunny,Field C
2022-11-03,08:15,Cow_10,2,5,8,0,31.2,Sunny,Field A
2022-11-03,08:15,Cow_11,13,6,0,0,31.2,Sunny,Field B
2022-11-03,08:15,Cow_12,6,3,6,0,31.2,Sunny,Field C
2022-11-03,08:15,Cow_13,14,3,0,0,31.2,Sunny,Field A
2022-11-03,08:15,Cow_14,1,10,4,0,31.2,Sunny,Field C
2022-11-03,08:15,Cow_15,0,9,7,0,31.2,Sunny,Field A
2022-11-03,08:15,Cow_16,0,0,0,15,31.2,Sunny,Field C
2022-11-03,08:15,Cow_17,7,7,1,0,31.2,Sunny,Field B
2022-11-03,08:15,Cow_18,9,3,3,0,31.2,Sunny,Field B
2022-11-03,08:15,Cow_19,15,10,0,0,31.2,Sunny,Field A
2022-11-03,08:15,Cow_20,0,0,0,15,31.2,Sunny,Field A
2022-11-03,08:15,Cow_21,12,9,0,0,31.2,Sunny,Field C
2022-11-03,08:15,Cow_22,5,5,5,0,31.2,Sunny,Field A
2022-11-03,08:15,Cow_23,7,10,0,0,31.2,Sunny,Field A
2022-11-03,08:15,Cow_24,10,0,7,0,31.2,Sunny,Field A
2022-11-03,08:15,Cow_25,7,8,0,0,31.2,Sunny,Field C
2022-11-03,08:15,Cow_26,4,7,4,0,31.2,Sunny,Field B
2022-11-03,08:15,Cow_27,9,12,0,0,31.2,Sunny,Field A
2022-11-03,08:15,Cow_28,0,0,0,15,31.2,Sunny,Field B
2022-11-03,08:15,Cow_29,8,1,6,0,31.2,Sunny,Field A
2022-11-03,08:15,Cow_30,6,9,0,0,31.2,Sunny,Field B
2022-11-03,08:15,Cow_31,12,4,0,0,31.2,Sunny,Field C
2022-11-03,08:15,Cow_32,13,0,9,0,31.2,Sunny,Field B
2022-11-03,08:15,Cow_33,7,3,5,0,31.2,Sunny,Field B
2022-11-03,08:15,Cow_34,14,10,0,0,31.2,Sunny,Field C
2022-11-03,08:15,Cow_35,7,4,4,0,31.2,Sunny,Field B
2022-11-03,08:15,Cow_36,0,0,0,15,31.2,Sunny,Field C
2022-11-03,08:15,Cow_37,9,2,4,0,31.2,Sunny,Field A
2022-11-03,08:15,Cow_38,3,4,8,0,31.2,Sunny,Field A
2022-11-03,08:15,Cow_39,14,8,0,0,31.2,Sunny,Field A
2022-11-03,08:15,Cow_40,11,0,5,0,31.2,Sunny,Field B
2022-11-03,08:15,Cow_41,0,9,6,0,31.2,Sunny,Field A
2022-11-03,08:15,Cow_42,10,0,7,0,31.2,Sunny,Field C
2022-11-03,08:15,Cow_43,9,0,7,0,31.2,Sunny,Field A
2022-11-03,08:15,Cow_44,0,0,0,15,31.2,Sunny,Field B
2022-11-03,08:15,Cow_45,3,4,8,0,31.2,Sunny,Field B
2022-11-03,08:15,Cow_46,14,6,0,0,31.2,Sunny,Field A
2022-11-03,08:15,Cow_47,9,3,3,0,31.2,Sunny,Field A
2022-11-03,08:15,Cow_48,7,10,0,0,31.2,Sunny,Field B
2022-11-03,08:15,Cow_49,6,3,6,0,31.2,Sunny,Field B
2022-11-03,08:30,Cow_1,11,6,0,0,35.4,Sunny,Field C
2022-11-03,08:30,Cow_2,5,3,7,0,35.4,Sunny,Field C
2022-11-03,08:30,Cow_3,9,9,0,0,35.4,Sunny,Field B
2022-11-03,08:30,Cow_4,4,5,6,0,35.4,Sunny,Field A
2022-11-03,08:30,Cow_5,8,5,2,0,35.4,Sunny,Field C
2022-11-03,08:30,Cow_6,5,7,3,0,35.4,Sunny,Field A
2022-11-03,08:30,Cow_7,9,2,4,0,35.4,Sunny,Field C
2022-11-03,08:30,Cow_8,0,0,0,15,35.4,Sunny,Field A
2022-11-03,08:30,Cow_9,11,0,6,0,35.4,Sunny,Field B
2022-11-03,08:30,Cow_10,6,3,6,0,35.4,Sunny,Field A
2022-11-03,08:30,Cow_11,7,4,4,0,35.4,Sunny,Field C
2022-11-03,08:30,Cow_12,10,0,8,0,35.4,Sunny,Field C
2022-11-03,08:30,Cow_13,10,0,7,0,35.4,Sunny,Field B
2022-11-03,08:30,Cow_14,7,4,4,0,35.4,Sunny,Field B
2022-11-03,08:30,Cow_15,13,8,0,0,35.4,Sunny,Field A
2022-11-03,08:30,Cow_16,0,0,0,15,35.4,Sunny,Field C
2022-11-03,08:30,Cow_17,11,6,0,0,35.4,Sunny,Field B
2022-11-03,08:30,Cow_18,14,10,0,0,35.4,Sunny,Field A
2022-11-03,08:30,Cow_19,11,7,0,0,35.4,Sunny,Field B
2022-11-03,08:30,Cow_20,5,3,7,0,35.4,Sunny,Field C
2022-11-03,08:30,Cow_21,8,8,0,0,35.4,Sunny,Field C
2022-11-03,08:30,Cow_22,11,11,0,0,35.4,Sunny,Field C
2022-11-03,08:30,Cow_23,11,6,0,0,35.4,Sunny,Field C
2022-11-03,08:30,Cow_24,9,3,3,0,35.4,Sunny,Field A
2022-11-03,08:30,Cow_25,13,10,0,0,35.4,Sunny,Field B
2022-11-03,08:30,Cow_26,7,2,6,0,35.4,Sunny,Field C
2022-11-03,08:30,Cow_27,9,0,9,0,35.4,Sunny,Field C
2022-11-03,08:30,Cow_28,5,10,0,0,35.4,Sunny,Field B
2022-11-03,08:30,Cow_29,6,10,0,0,35.4,Sunny,Field B
2022-11-03,08:30,Cow_30,11,0,8,0,35.4,Sunny,Field A
2022-11-03,08:30,Cow_31,1,7,7,0,35.4,Sunny,Field A
2022-11-03,08:30,Cow_32,11,0,4,0,35.4,Sunny,Field A
2022-11-03,08:30,Cow_33,13,10,0,0,35.4,Sunny,Field A
2022-11-03,08:30,Cow_34,1,7,7,0,35.4,Sunny,Field B
2022-11-03,08:30,Cow_35,5,3,7,0,35.4,Sunny,Field B
2022-11-03,08:30,Cow_36,9,2,4,0,35.4,Sunny,Field C
2022-11-03,08:30,Cow_37,8,3,4,0,35.4,Sunny,Field C
2022-11-03,08:30,Cow_38,6,4,5,0,35.4,Sunny,Field C
2022-11-03,08:30,Cow_39,7,9,0,0,35.4,Sunny,Field C
2022-11-03,08:30,Cow_40,10,6,0,0,35.4,Sunny,Field A
2022-11-03,08:30,Cow_41,0,0,0,15,35.4,Sunny,Field C
2022-11-03,08:30,Cow_42,2,10,3,0,35.4,Sunny,Field B
2022-11-03,08:30,Cow_43,12,10,0,0,35.4,Sunny,Field A
2022-11-03,08:30,Cow_44,3,7,5,0,35.4,Sunny,Field C
2022-11-03,08:30,Cow_45,6,3,6,0,35.4,Sunny,Field A
2022-11-03,08:30,Cow_46,6,3,6,0,35.4,Sunny,Field C
2022-11-03,08:30,Cow_47,11,3,1,0,35.4,Sunny,Field B
2022-11-03,08:30,Cow_48,9,3,3,0,35.4,Sunny,Field C
2022-11-03,08:30,Cow_49,5,3,7,0,35.4,Sunny,Field B
2022-11-03,08:45,Cow_1,9,3,3,0,36.6,Rainy,Field B
2022-11-03,08:45,Cow_2,0,0,0,15,36.6,Rainy,Field B
2022-11-03,08:45,Cow_3,14,7,0,0,36.6,Rainy,Field B
2022-11-03,08:45,Cow_4,6,4,5,0,36.6,Rainy,Field C
2022-11-03,08:45,Cow_5,7,10,0,0,36.6,Rainy,Field A
2022-11-03,08:45,Cow_6,0,12,7,0,36.6,Rainy,Field A
2022-11-03,08:45,Cow_7,3,7,5,0,36.6,Rainy,Field A
2022-11-03,08:45,Cow_8,9,3,3,0,36.6,Rainy,Field A
2022-11-03,08:45,Cow_9,6,4,5,0,36.6,Rainy,Field A
2022-11-03,08:45,Cow_10,13,4,0,0,36.6,Rainy,Field B
2022-11-03,08:45,Cow_11,6,5,4,0,36.6,Rainy,Field A
2022-11-03,08:45,Cow_12,8,5,2,0,36.6,Rainy,Field C
2022-11-03,08:45,Cow_13,10,1,4,0,36.6,Rainy,Field C
2022-11-03,08:45,Cow_14,14,0,3,0,36.6,Rainy,Field C
2022-11-03,08:45,Cow_15,5,2,8,0,36.6,Rainy,Field C
2022-11-03,08:45,Cow_16,3,4,8,0,36.6,Rainy,Field B
2022-11-03,08:45,Cow_17,9,1,5,0,36.6,Rainy,Field C
2022-11-03,08:45,Cow_18,0,10,7,0,36.6,Rainy,Field A
2022-11-03,08:45,Cow_19,2,6,7,0,36.6,Rainy,Field B
2022-11-03,08:45,Cow_20,3,9,3,0,36.6,Rainy,Field B
2022-11-03,08:45,Cow_21,7,4,4,0,36.6,Rainy,Field B
2022-11-03,08:45,Cow_22,15,9,0,0,36.6,Rainy,Field B
2022-11-03,08:45,Cow_23,2,8,5,0,36.6,Rainy,Field A
2022-11-03,08:45,Cow_24,14,0,3,0,36.6,Rainy,Field A
2022-11-03,08:45,Cow_25,14,7,0,0,36.6,Rainy,Field B
2022-11-03,08:45,Cow_26,0,0,0,15,36.6,Rainy,Field B
2022-11-03,08:45,Cow_27,14,0,9,0,36.6,Rainy,Field B
2022-11-03,08:45,Cow_28,0,0,0,15,36.6,Rainy,Field B
2022-11-03,08:45,Cow_29,13,4,0,0,36.6,Rainy,Field C
2022-11-03,08:45,Cow_30,8,10,0,0,36.6,Rainy,Field C
2022-11-03,08:45,Cow_31,0,0,0,15,36.6,Rainy,Field C
2022-11-03,08:45,Cow_32,3,5,7,0,36.6,Rainy,Field B
2022-11-03,08:45,Cow_33,0,0,0,15,36.6,Rainy,Field C
2022-11-03,08:45,Cow_34,0,8,8,0,36.6,Rainy,Field A
2022-11-03,08:45,Cow_35,13,0,7,0,36.6,Rainy,Field A
2022-11-03,08:45,Cow_36,13,8,0,0,36.6,Rainy,Field A
2022-11-03,08:45,Cow_37,1,8,6,0,36.6,Rainy,Field C
2022-11-03,08:45,Cow_38,1,9,5,0,36.6,Rainy,Field B
2022-11-03,08:45,Cow_39,0,11,4,0,36.6,Rainy,Field A
2022-11-03,08:45,Cow_40,13,10,0,0,36.6,Rainy,Field B
2022-11-03,08:45,Cow_41,3,8,4,0,36.6,Rainy,Field C
2022-11-03,08:45,Cow_42,13,0,8,0,36.6,Rainy,Field C
2022-11-03,08:45,Cow_43,3,9,3,0,36.6,Rainy,Field B
2022-11-03,08:45,Cow_44,9,3,3,0,36.6,Rainy,Field C
2022-11-03,08:45,Cow_45,9,8,0,0,36.6,Rainy,Field B
2022-11-03,08:45,Cow_46,5,2,8,0,36.6,Rainy,Field A
2022-11-03,08:45,Cow_47,14,0,4,0,36.6,Rainy,Field C
2022-11-03,08:45,Cow_48,12,0,4,0,36.6,Rainy,Field B
2022-11-03,08:45,Cow_49,3,5,7,0,36.6,Rainy,Field A
2022-11-03,09:00,Cow_1,5,7,3,0,23.0,Clear,Field C
2022-11-03,09:00,Cow_2,4,5,6,0,23.0,Clear,Field B
2022-11-03,09:00,Cow_3,8,3,4,0,23.0,Clear,Field A
2022-11-03,09:00,Cow_4,11,0,7,0,23.0,Clear,Field A
2022-11-03,09:00,Cow_5,7,5,3,0,23.0,Clear,Field B
2022-11-03,09:00,Cow_6,13,6,0,0,23.0,Clear,Field B
2022-11-03,09:00,Cow_7,9,6,0,0,23.0,Clear,Field B
2022-11-03,09:00,Cow_8,8,3,4,0,23.0,Clear,Field A
2022-11-03,09:00,Cow_9,0,9,7,0,23.0,Clear,Field C
2022-11-03,09:00,Cow_10,13,9,0,0,23.0,Clear,Field A
2022-11-03,09:00,Cow_11,13,0,7,0,23.0,Clear,Field A
2022-11-03,09:00,Cow_12,13,10,0,0,23.0,Clear,Field A
2022-11-03,09:00,Cow_13,8,0,8,0,23.0,Clear,Field B
2022-11-03,09:00,Cow_14,2,10,3,0,23.0,Clear,Field A
2022-11-03,09:00,Cow_15,0,11,10,0,23.0,Clear,Field B
2022-11-03,09:00,Cow_16,0,10,7,0,23.0,Clear,Field C
2022-11-03,09:00,Cow_17,10,0,5,0,23.0,Clear,Field B
2022-11-03,09:00,Cow_18,0,10,6,0,23.0,Clear,Field B
2022-11-03,09:00,Cow_19,5,7,3,0,23.0,Clear,Field A
2022-11-03,09:00,Cow_20,1,7,7,0,23.0,Clear,Field A
2022-11-03,09:00,Cow_21,2,8,5,0,23.0,Clear,Field A
2022-11-03,09:00,Cow_22,5,4,6,0,23.0,Clear,Field A
2022-11-03,09:00,Cow_23,5,5,5,0,23.0,Clear,Field A
2022-11-03,09:00,Cow_24,10,1,4,0,23.0,Clear,Field A
2022-11-03,09:00,Cow_25,5,6,4,0,23.0,Clear,Field A
2022-11-03,09:00,Cow_26,6,4,5,0,23.0,Clear,Field B
2022-11-03,09:00,Cow_27,0,10,8,0,23.0,Clear,Field B
2022-11-03,09:00,Cow_28,1,9,5,0,23.0,Clear,Field B
2022-11-03,09:00,Cow_29,0,10,8,0,23.0,Clear,Field A
2022-11-03,09:00,Cow_30,4,5,6,0,23.0,Clear,Field B
2022-11-03,09:00,Cow_31,5,6,4,0,23.0,Clear,Field B
2022-11-03,09:00,Cow_32,7,1,7,0,23.0,Clear,Field B
2022-11-03,09:00,Cow_33,12,0,3,0,23.0,Clear,Field B
2022-11-03,09:00,Cow_34,10,9,0,0,23.0,Clear,Field A
2022-11-03,09:00,Cow_35,6,6,3,0,23.0,Clear,Field A
2022-11-03,09:00,Cow_36,5,7,3,0,23.0,Clear,Field C
2022-11-03,09:00,Cow_37,6,1,8,0,23.0,Clear,Field C
2022-11-03,09:00,Cow_38,4,8,3,0,23.0,Clear,Field A
2022-11-03,09:00,Cow_39,13,0,6,0,23.0,Clear,Field B
2022-11-03,09:00,Cow_40,15,0,10,0,23.0,Clear,Field A
2022-11-03,09:00,Cow_41,3,6,6,0,23.0,Clear,Field B
2022-11-03,09:00,Cow_42,11,1,3,0,23.0,Clear,Field B
2022-11-03,09:00,Cow_43,8,2,5,0,23.0,Clear,Field B
2022-11-03,09:00,Cow_44,7,0,8,0,23.0,Clear,Field A
2022-11-03,09:00,Cow_45,8,4,3,0,23.0,Clear,Field A
2022-11-03,09:00,Cow_46,6,5,4,0,23.0,Clear,Field C
2022-11-03,09:00,Cow_47,5,5,5,0,23.0,Clear,Field B
2022-11-03,09:00,Cow_48,4,6,5,0,23.0,Clear,Field B
2022-11-03,09:00,Cow_49,6,5,4,0,23.0,Clear,Field C
2022-11-03,09:15,Cow_1,9,10,0,0,33.2,Clear,Field C
2022-11-03,09:15,Cow_2,0,0,0,15,33.2,Clear,Field C
2022-11-03,09:15,Cow_3,9,0,8,0,33.2,Clear,Field C
2022-11-03,09:15,Cow_4,9,4,2,0,33.2,Clear,Field C
2022-11-03,09:15,Cow_5,3,5,7,0,33.2,Clear,Field B
2022-11-03,09:15,Cow_6,0,10,9,0,33.2,Clear,Field B
2022-11-03,09:15,Cow_7,5,6,4,0,33.2,Clear,Field B
2022-11-03,09:15,Cow_8,0,11,10,0,33.2,Clear,Field B
2022-11-03,09:15,Cow_9,14,6,0,0,33.2,Clear,Field C
2022-11-03,09:15,Cow_10,9,3,3,0,33.2,Clear,Field C
2022-11-03,09:15,Cow_11,4,3,8,0,33.2,Clear,Field A
2022-11-03,09:15,Cow_12,0,0,0,15,33.2,Clear,Field B
2022-11-03,09:15,Cow_13,4,5,6,0,33.2,Clear,Field A
2022-11-03,09:15,Cow_14,10,0,7,0,33.2,Clear,Field C
2022-11-03,09:15,Cow_15,7,3,5,0,33.2,Clear,Field C
2022-11-03,09:15,Cow_16,0,9,10,0,33.2,Clear,Field C
2022-11-03,09:15,Cow_17,2,7,6,0,33.2,Clear,Field C
2022-11-03,09:15,Cow_18,1,9,5,0,33.2,Clear,Field B
2022-11-03,09:15,Cow_19,7,3,5,0,33.2,Clear,Field B
2022-11-03,09:15,Cow_20,0,8,7,0,33.2,Clear,Field C
2022-11-03,09:15,Cow_21,6,6,3,0,33.2,Clear,Field C
2022-11-03,09:15,Cow_22,4,4,7,0,33.2,Clear,Field B
2022-11-03,09:15,Cow_23,0,0,0,15,33.2,Clear,Field A
2022-11-03,09:15,Cow_24,1,8,6,0,33.2,Clear,Field B
2022-11-03,09:15,Cow_25,6,3,6,0,33.2,Clear,Field B
2022-11-03,09:15,Cow_26,13,10,0,0,33.2,Clear,Field A
2022-11-03,09:15,Cow_27,12,10,0,0,33.2,Clear,Field B
2022-11-03,09:15,Cow_28,10,5,0,0,33.2,Clear,Field A
2022-11-03,09:15,Cow_29,0,0,0,15,33.2,Clear,Field B
2022-11-03,09:15,Cow_30,5,3,7,0,33.2,Clear,Field A
2022-11-03,09:15,Cow_31,4,8,3,0,33.2,Clear,Field B
2022-11-03,09:15,Cow_32,13,0,2,0,33.2,Clear,Field C
2022-11-03,09:15,Cow_33,6,6,3,0,33.2,Clear,Field B
2022-11-03,09:15,Cow_34,7,5,3,0,33.2,Clear,Field C
2022-11-03,09:15,Cow_35,11,1,3,0,33.2,Clear,Field C
2022-11-03,09:15,Cow_36,12,0,4,0,33.2,Clear,Field A
2022-11-03,09:15,Cow_37,11,10,0,0,33.2,Clear,Field B
2022-11-03,09:15,Cow_38,5,4,6,0,33.2,Clear,Field C
2022-11-03,09:15,Cow_39,15,0,2,0,33.2,Clear,Field A
2022-11-03,09:15,Cow_40,8,0,10,0,33.2,Clear,Field C
2022-11-03,09:15,Cow_41,12,0,4,0,33.2,Clear,Field C
2022-11-03,09:15,Cow_42,9,4,2,0,33.2,Clear,Field C
2022-11-03,09:15,Cow_43,8,3,4,0,33.2,Clear,Field A
2022-11-03,09:15,Cow_44,4,6,5,0,33.2,Clear,Field B
2022-11-03,09:15,Cow_45,10,5,0,0,33.2,Clear,Field A
2022-11-03,09:15,Cow_46,14,0,3,0,33.2,Clear,Field C
2022-11-03,09:15,Cow_47,9,5,1,0,33.2,Clear,Field A
2022-11-03,09:15,Cow_48,12,0,3,0,33.2,Clear,Field C
2022-11-03,09:15,Cow_49,11,8,0,0,33.2,Clear,Field A
2022-11-03,09:30,Cow_1,9,3,3,0,34.9,Clear,Field C
2022-11-03,09:30,Cow_2,9,0,7,0,34.9,Clear,Field C
2022-11-03,09:30,Cow_3,11,0,8,0,34.9,Clear,Field C
2022-11-03,09:30,Cow_4,8,0,7,0,34.9,Clear,Field B
2022-11-03,09:30,Cow_5,6,6,3,0,34.9,Clear,Field C
2022-11-03,09:30,Cow_6,0,0,0,15,34.9,Clear,Field B
2022-11-03,09:30,Cow_7,6,6,3,0,34.9,Clear,Field A
2022-11-03,09:30,Cow_8,0,10,6,0,34.9,Clear,Field B
2022-11-03,09:30,Cow_9,10,8,0,0,34.9,Clear,Field A
2022-11-03,09:30,Cow_10,10,7,0,0,34.9,Clear,Field A
2022-11-03,09:30,Cow_11,0,8,8,0,34.9,Clear,Field C
2022-11-03,09:30,Cow_12,14,12,0,0,34.9,Clear,Field B
2022-11-03,09:30,Cow_13,9,7,0,0,34.9,Clear,Field A
2022-11-03,09:30,Cow_14,7,5,3,0,34.9,Clear,Field C
2022-11-03,09:30,Cow_15,10,0,10,0,34.9,Clear,Field B
2022-11-03,09:30,Cow_16,15,3,0,0,34.9,Clear,Field B
2022-11-03,09:30,Cow_17,5,7,3,0,34.9,Clear,Field C
2022-11-03,09:30,Cow_18,13,4,0,0,34.9,Clear,Field A
2022-11-03,09:30,Cow_19,15,8,0,0,34.9,Clear,Field B
2022-11-03,09:30,Cow_20,8,4,3,0,34.9,Clear,Field A
2022-11-03,09:30,Cow_21,0,9,6,0,34.9,Clear,Field C
2022-11-03,09:30,Cow_22,7,6,2,0,34.9,Clear,Field A
2022-11-03,09:30,Cow_23,13,10,0,0,34.9,Clear,Field B
2022-11-03,09:30,Cow_24,0,9,7,0,34.9,Clear,Field B
2022-11-03,09:30,Cow_25,12,4,0,0,34.9,Clear,Field B
2022-11-03,09:30,Cow_26,12,6,0,0,34.9,Clear,Field B
2022-11-03,09:30,Cow_27,0,11,10,0,34.9,Clear,Field A
2022-11-03,09:30,Cow_28,11,9,0,0,34.9,Clear,Field B
2022-11-03,09:30,Cow_29,13,0,3,0,34.9,Clear,Field B
2022-11-03,09:30,Cow_30,0,7,8,0,34.9,Clear,Field A
2022-11-03,09:30,Cow_31,9,9,0,0,34.9,Clear,Field C
2022-11-03,09:30,Cow_32,3,5,7,0,34.9,Clear,Field A
2022-11-03,09:30,Cow_33,9,0,8,0,34.9,Clear,Field C
2022-11-03,09:30,Cow_34,7,5,3,0,34.9,Clear,Field A
2022-11-03,09:30,Cow_35,0,0,0,15,34.9,Clear,Field A
2022-11-03,09:30,Cow_36,11,0,8,0,34.9,Clear,Field B
2022-11-03,09:30,Cow_37,8,2,5,0,34.9,Clear,Field C
2022-11-03,09:30,Cow_38,14,4,0,0,34.9,Clear,Field C
2022-11-03,09:30,Cow_39,0,0,0,15,34.9,Clear,Field B
2022-11-03,09:30,Cow_40,0,12,4,0,34.9,Clear,Field A
2022-11-03,09:30,Cow_41,0,0,0,15,34.9,Clear,Field C
2022-11-03,09:30,Cow_42,6,2,7,0,34.9,Clear,Field A
2022-11-03,09:30,Cow_43,10,6,0,0,34.9,Clear,Field A
2022-11-03,09:30,Cow_44,7,4,4,0,34.9,Clear,Field A
2022-11-03,09:30,Cow_45,6,3,6,0,34.9,Clear,Field B
2022-11-03,09:30,Cow_46,12,0,8,0,34.9,Clear,Field A
2022-11-03,09:30,Cow_47,0,7,8,0,34.9,Clear,Field A
2022-11-03,09:30,Cow_48,8,7,0,0,34.9,Clear,Field A
2022-11-03,09:30,Cow_49,4,8,3,0,34.9,Clear,Field B
2022-11-03,09:45,Cow_1,3,6,6,0,26.4,Clear,Field A
2022-11-03,09:45,Cow_2,9,0,6,0,26.4,Clear,Field C
2022-11-03,09:45,Cow_3,6,4,5,0,26.4,Clear,Field C
2022-11-03,09:45,Cow_4,7,4,4,0,26.4,Clear,Field C
2022-11-03,09:45,Cow_5,8,7,0,0,26.4,Clear,Field C
2022-11-03,09:45,Cow_6,0,11,10,0,26.4,Clear,Field C
2022-11-03,09:45,Cow_7,6,4,5,0,26.4,Clear,Field A
2022-11-03,09:45,Cow_8,14,0,9,0,26.4,Clear,Field B
2022-11-03,09:45,Cow_9,5,8,2,0,26.4,Clear,Field C
2022-11-03,09:45,Cow_10,10,0,6,0,26.4,Clear,Field A
2022-11-03,09:45,Cow_11,13,0,3,0,26.4,Clear,Field B
2022-11-03,09:45,Cow_12,6,0,9,0,26.4,Clear,Field B
2022-11-03,09:45,Cow_13,0,0,0,15,26.4,Clear,Field A
2022-11-03,09:45,Cow_14,0,8,7,0,26.4,Clear,Field B
2022-11-03,09:45,Cow_15,4,6,5,0,26.4,Clear,Field C
2022-11-03,09:45,Cow_16,0,11,9,0,26.4,Clear,Field C
2022-11-03,09:45,Cow_17,11,6,0,0,26.4,Clear,Field A
2022-11-03,09:45,Cow_18,10,1,4,0,26.4,Clear,Field B
2022-11-03,09:45,Cow_19,11,0,5,0,26.4,Clear,Field C
2022-11-03,09:45,Cow_20,5,7,3,0,26.4,Clear,Field B
2022-11-03,09:45,Cow_21,14,0,4,0,26.4,Clear,Field C
2022-11-03,09:45,Cow_22,6,8,1,0,26.4,Clear,Field C
2022-11-03,09:45,Cow_23,7,8,0,0,26.4,Clear,Field C
2022-11-03,09:45,Cow_24,12,0,3,0,26.4,Clear,Field B
2022-11-03,09:45,Cow_25,14,0,8,0,26.4,Clear,Field B
2022-11-03,09:45,Cow_26,7,5,3,0,26.4,Clear,Field A
2022-11-03,09:45,Cow_27,9,3,3,0,26.4,Clear,Field C
2022-11-03,09:45,Cow_28,1,6,8,0,26.4,Clear,Field A
2022-11-03,09:45,Cow_29,7,3,5,0,26.4,Clear,Field B
2022-11-03,09:45,Cow_30,0,0,0,15,26.4,Clear,Field C
2022-11-03,09:45,Cow_31,0,0,0,15,26.4,Clear,Field A
2022-11-03,09:45,Cow_32,12,7,0,0,26.4,Clear,Field C
2022-11-03,09:45,Cow_33,11,0,4,0,26.4,Clear,Field A
2022-11-03,09:45,Cow_34,3,4,8,0,26.4,Clear,Field A
2022-11-03,09:45,Cow_35,13,6,0,0,26.4,Clear,Field B
2022-11-03,09:45,Cow_36,14,8,0,0,26.4,Clear,Field C
2022-11-03,09:45,Cow_37,3,5,7,0,26.4,Clear,Field A
2022-11-03,09:45,Cow_38,6,9,0,0,26.4,Clear,Field C
2022-11-03,09:45,Cow_39,9,10,0,0,26.4,Clear,Field B
2022-11-03,09:45,Cow_40,2,10,3,0,26.4,Clear,Field B
2022-11-03,09:45,Cow_41,14,5,0,0,26.4,Clear,Field B
2022-11-03,09:45,Cow_42,1,4,10,0,26.4,Clear,Field B
2022-11-03,09:45,Cow_43,4,5,6,0,26.4,Clear,Field A
2022-11-03,09:45,Cow_44,11,5,0,0,26.4,Clear,Field B
2022-11-03,09:45,Cow_45,8,4,3,0,26.4,Clear,Field C
2022-11-03,09:45,Cow_46,2,9,4,0,26.4,Clear,Field A
2022-11-03,09:45,Cow_47,10,4,1,0,26.4,Clear,Field C
2022-11-03,09:45,Cow_48,7,5,3,0,26.4,Clear,Field B
2022-11-03,09:45,Cow_49,14,0,5,0,26.4,Clear,Field C
2022-11-03,10:00,Cow_1,8,6,1,0,33.2,Clear,Field B
2022-11-03,10:00,Cow_2,9,0,8,0,33.2,Clear,Field C
2022-11-03,10:00,Cow_3,6,5,4,0,33.2,Clear,Field B
2022-11-03,10:00,Cow_4,7,5,3,0,33.2,Clear,Field B
2022-11-03,10:00,Cow_5,13,0,6,0,33.2,Clear,Field C
2022-11-03,10:00,Cow_6,14,8,0,0,33.2,Clear,Field C
2022-11-03,10:00,Cow_7,9,3,3,0,33.2,Clear,Field B
2022-11-03,10:00,Cow_8,0,12,3,0,33.2,Clear,Field C
2022-11-03,10:00,Cow_9,1,9,5,0,33.2,Clear,Field C
2022-11-03,10:00,Cow_10,5,3,7,0,33.2,Clear,Field A
2022-11-03,10:00,Cow_11,9,3,3,0,33.2,Clear,Field B
2022-11-03,10:00,Cow_12,15,10,0,0,33.2,Clear,Field B
2022-11-03,10:00,Cow_13,1,10,4,0,33.2,Clear,Field B
2022-11-03,10:00,Cow_14,7,4,4,0,33.2,Clear,Field B
2022-11-03,10:00,Cow_15,11,5,0,0,33.2,Clear,Field C
2022-11-03,10:00,Cow_16,0,9,6,0,33.2,Clear,Field C
2022-11-03,10:00,Cow_17,3,7,5,0,33.2,Clear,Field B
2022-11-03,10:00,Cow_18,5,6,4,0,33.2,Clear,Field C
2022-11-03,10:00,Cow_19,10,3,2,0,33.2,Clear,Field A
2022-11-03,10:00,Cow_20,5,4,6,0,33.2,Clear,Field C
2022-11-03,10:00,Cow_21,6,6,3,0,33.2,Clear,Field A
2022-11-03,10:00,Cow_22,15,8,0,0,33.2,Clear,Field C
2022-11-03,10:00,Cow_23,4,3,8,0,33.2,Clear,Field C
2022-11-03,10:00,Cow_24,5,4,6,0,33.2,Clear,Field B
2022-11-03,10:00,Cow_25,9,9,0,0,33.2,Clear,Field A
2022-11-03,10:00,Cow_26,9,10,0,0,33.2,Clear,Field B
2022-11-03,10:00,Cow_27,9,0,10,0,33.2,Clear,Field C
2022-11-03,10:00,Cow_28,4,5,6,0,33.2,Clear,Field C
2022-11-03,10:00,Cow_29,7,0,8,0,33.2,Clear,Field C
2022-11-03,10:00,Cow_30,9,1,5,0,33.2,Clear,Field B
2022-11-03,10:00,Cow_31,10,2,3,0,33.2,Clear,Field C
2022-11-03,10:00,Cow_32,4,7,4,0,33.2,Clear,Field A
2022-11-03,10:00,Cow_33,10,0,6,0,33.2,Clear,Field B
2022-11-03,10:00,Cow_34,2,6,7,0,33.2,Clear,Field A
2022-11-03,10:00,Cow_35,9,10,0,0,33.2,Clear,Field A
2022-11-03,10:00,Cow_36,0,0,0,15,33.2,Clear,Field A
2022-11-03,10:00,Cow_37,8,7,0,0,33.2,Clear,Field B
2022-11-03,10:00,Cow_38,5,3,7,0,33.2,Clear,Field A
2022-11-03,10:00,Cow_39,8,9,0,0,33.2,Clear,Field C
2022-11-03,10:00,Cow_40,15,0,10,0,33.2,Clear,Field C
2022-11-03,10:00,Cow_41,0,0,0,15,33.2,Clear,Field C
2022-11-03,10:00,Cow_42,5,7,3,0,33.2,Clear,Field B
2022-11-03,10:00,Cow_43,7,2,6,0,33.2,Clear,Field B
2022-11-03,10:00,Cow_44,5,3,7,0,33.2,Clear,Field C
2022-11-03,10:00,Cow_45,0,9,8,0,33.2,Clear,Field A
2022-11-03,10:00,Cow_46,10,7,0,0,33.2,Clear,Field A
2022-11-03,10:00,Cow_47,10,3,2,0,33.2,Clear,Field C
2022-11-03,10:00,Cow_48,0,9,7,0,33.2,Clear,Field A
2022-11-03,10:00,Cow_49,7,4,4,0,33.2,Clear,Field B
2022-11-03,10:15,Cow_1,3,8,4,0,32.9,Rainy,Field B
2022-11-03,10:15,Cow_2,8,1,6,0,32.9,Rainy,Field A
2022-11-03,10:15,Cow_3,5,2,8,0,32.9,Rainy,Field B
2022-11-03,10:15,Cow_4,8,8,0,0,32.9,Rainy,Field C
2022-11-03,10:15,Cow_5,0,9,7,0,32.9,Rainy,Field C
2022-11-03,10:15,Cow_6,2,7,6,0,32.9,Rainy,Field C
2022-11-03,10:15,Cow_7,4,5,6,0,32.9,Rainy,Field B
2022-11-03,10:15,Cow_8,7,3,5,0,32.9,Rainy,Field C
2022-11-03,10:15,Cow_9,5,6,4,0,32.9,Rainy,Field B
2022-11-03,10:15,Cow_10,11,0,5,0,32.9,Rainy,Field A
2022-11-03,10:15,Cow_11,8,2,5,0,32.9,Rainy,Field A
2022-11-03,10:15,Cow_12,0,9,7,0,32.9,Rainy,Field C
2022-11-03,10:15,Cow_13,6,4,5,0,32.9,Rainy,Field B
2022-11-03,10:15,Cow_14,11,0,6,0,32.9,Rainy,Field B
2022-11-03,10:15,Cow_15,7,9,0,0,32.9,Rainy,Field A
2022-11-03,10:15,Cow_16,4,8,3,0,32.9,Rainy,Field B
2022-11-03,10:15,Cow_17,10,5,0,0,32.9,Rainy,Field A
2022-11-03,10:15,Cow_18,7,4,4,0,32.9,Rainy,Field B
2022-11-03,10:15,Cow_19,0,8,10,0,32.9,Rainy,Field B
2022-11-03,10:15,Cow_20,9,5,1,0,32.9,Rainy,Field C
2022-11-03,10:15,Cow_21,0,8,8,0,32.9,Rainy,Field A
2022-11-03,10:15,Cow_22,15,0,6,0,32.9,Rainy,Field C
2022-11-03,10:15,Cow_23,11,0,5,0,32.9,Rainy,Field C
2022-11-03,10:15,Cow_24,12,0,5,0,32.9,Rainy,Field B
2022-11-03,10:15,Cow_25,13,6,0,0,32.9,Rainy,Field A
2022-11-03,10:15,Cow_26,5,2,8,0,32.9,Rainy,Field A
2022-11-03,10:15,Cow_27,6,7,2,0,32.9,Rainy,Field C
2022-11-03,10:15,Cow_28,14,0,8,0,32.9,Rainy,Field A
2022-11-03,10:15,Cow_29,4,8,3,0,32.9,Rainy,Field B
2022-11-03,10:15,Cow_30,14,10,0,0,32.9,Rainy,Field C
2022-11-03,10:15,Cow_31,9,8,0,0,32.9,Rainy,Field A
2022-11-03,10:15,Cow_32,8,7,0,0,32.9,Rainy,Field C
2022-11-03,10:15,Cow_33,1,8,6,0,32.9,Rainy,Field A
2022-11-03,10:15,Cow_34,13,5,0,0,32.9,Rainy,Field B
2022-11-03,10:15,Cow_35,9,0,8,0,32.9,Rainy,Field C
2022-11-03,10:15,Cow_36,10,0,6,0,32.9,Rainy,Field A
2022-11-03,10:15,Cow_37,9,4,2,0,32.9,Rainy,Field A
2022-11-03,10:15,Cow_38,0,0,0,15,32.9,Rainy,Field A
2022-11-03,10:15,Cow_39,0,6,9,0,32.9,Rainy,Field B
2022-11-03,10:15,Cow_40,5,0,10,0,32.9,Rainy,Field B
2022-11-03,10:15,Cow_41,4,5,6,0,32.9,Rainy,Field B
2022-11-03,10:15,Cow_42,0,8,8,0,32.9,Rainy,Field B
2022-11-03,10:15,Cow_43,6,9,0,0,32.9,Rainy,Field A
2022-11-03,10:15,Cow_44,7,5,3,0,32.9,Rainy,Field A
2022-11-03,10:15,Cow_45,9,5,1,0,32.9,Rainy,Field B
2022-11-03,10:15,Cow_46,14,0,3,0,32.9,Rainy,Field A
2022-11-03,10:15,Cow_47,5,5,5,0,32.9,Rainy,Field C
2022-11-03,10:15,Cow_48,14,7,0,0,32.9,Rainy,Field A
2022-11-03,10:15,Cow_49,8,5,2,0,32.9,Rainy,Field A
2022-11-03,10:30,Cow_1,14,0,8,0,32.3,Clear,Field A
2022-11-03,10:30,Cow_2,4,3,8,0,32.3,Clear,Field B
2022-11-03,10:30,Cow_3,6,8,1,0,32.3,Clear,Field C
2022-11-03,10:30,Cow_4,11,3,1,0,32.3,Clear,Field A
2022-11-03,10:30,Cow_5,5,3,7,0,32.3,Clear,Field A
2022-11-03,10:30,Cow_6,8,2,5,0,32.3,Clear,Field C
2022-11-03,10:30,Cow_7,3,5,7,0,32.3,Clear,Field A
2022-11-03,10:30,Cow_8,11,8,0,0,32.3,Clear,Field A
2022-11-03,10:30,Cow_9,8,0,8,0,32.3,Clear,Field B
2022-11-03,10:30,Cow_10,9,0,7,0,32.3,Clear,Field C
2022-11-03,10:30,Cow_11,9,3,3,0,32.3,Clear,Field C
2022-11-03,10:30,Cow_12,0,0,0,15,32.3,Clear,Field A
2022-11-03,10:30,Cow_13,3,7,5,0,32.3,Clear,Field A
2022-11-03,10:30,Cow_14,11,8,0,0,32.3,Clear,Field B
2022-11-03,10:30,Cow_15,15,0,8,0,32.3,Clear,Field A
2022-11-03,10:30,Cow_16,10,5,0,0,32.3,Clear,Field C
2022-11-03,10:30,Cow_17,0,8,7,0,32.3,Clear,Field C
2022-11-03,10:30,Cow_18,7,4,4,0,32.3,Clear,Field A
2022-11-03,10:30,Cow_19,3,6,6,0,32.3,Clear,Field C
2022-11-03,10:30,Cow_20,9,3,3,0,32.3,Clear,Field B
2022-11-03,10:30,Cow_21,14,5,0,0,32.3,Clear,Field B
2022-11-03,10:30,Cow_22,0,10,7,0,32.3,Clear,Field A
2022-11-03,10:30,Cow_23,10,9,0,0,32.3,Clear,Field B
2022-11-03,10:30,Cow_24,14,0,3,0,32.3,Clear,Field C
2022-11-03,10:30,Cow_25,1,8,6,0,32.3,Clear,Field A
2022-11-03,10:30,Cow_26,9,0,7,0,32.3,Clear,Field C
2022-11-03,10:30,Cow_27,0,11,7,0,32.3,Clear,Field A
2022-11-03,10:30,Cow_28,6,1,8,0,32.3,Clear,Field B
2022-11-03,10:30,Cow_29,3,4,8,0,32.3,Clear,Field C
2022-11-03,10:30,Cow_30,14,0,8,0,32.3,Clear,Field C
2022-11-03,10:30,Cow_31,7,0,8,0,32.3,Clear,Field B
2022-11-03,10:30,Cow_32,6,6,3,0,32.3,Clear,Field C
2022-11-03,10:30,Cow_33,2,5,8,0,32.3,Clear,Field B
2022-11-03,10:30,Cow_34,3,8,4,0,32.3,Clear,Field B
2022-11-03,10:30,Cow_35,3,8,4,0,32.3,Clear,Field C
2022-11-03,10:30,Cow_36,2,5,8,0,32.3,Clear,Field C
2022-11-03,10:30,Cow_37,0,10,7,0,32.3,Clear,Field C
2022-11-03,10:30,Cow_38,2,7,6,0,32.3,Clear,Field B
2022-11-03,10:30,Cow_39,4,3,8,0,32.3,Clear,Field C
2022-11-03,10:30,Cow_40,13,8,0,0,32.3,Clear,Field C
2022-11-03,10:30,Cow_41,5,4,6,0,32.3,Clear,Field B
2022-11-03,10:30,Cow_42,6,1,8,0,32.3,Clear,Field C
2022-11-03,10:30,Cow_43,0,10,7,0,32.3,Clear,Field C
2022-11-03,10:30,Cow_44,6,3,6,0,32.3,Clear,Field A
2022-11-03,10:30,Cow_45,8,6,1,0,32.3,Clear,Field B
2022-11-03,10:30,Cow_46,9,3,3,0,32.3,Clear,Field B
2022-11-03,10:30,Cow_47,9,10,0,0,32.3,Clear,Field C
2022-11-03,10:30,Cow_48,6,7,2,0,32.3,Clear,Field C
2022-11-03,10:30,Cow_49,9,0,6,0,32.3,Clear,Field A
2022-11-03,10:45,Cow_1,13,0,6,0,25.5,Cloudy,Field C
2022-11-03,10:45,Cow_2,11,0,4,0,25.5,Cloudy,Field B
2022-11-03,10:45,Cow_3,5,2,8,0,25.5,Cloudy,Field C
2022-11-03,10:45,Cow_4,1,10,4,0,25.5,Cloudy,Field A
2022-11-03,10:45,Cow_5,6,4,5,0,25.5,Cloudy,Field C
2022-11-03,10:45,Cow_6,0,12,5,0,25.5,Cloudy,Field B
2022-11-03,10:45,Cow_7,14,0,6,0,25.5,Cloudy,Field B
2022-11-03,10:45,Cow_8,14,0,3,0,25.5,Cloudy,Field C
2022-11-03,10:45,Cow_9,9,3,3,0,25.5,Cloudy,Field A
2022-11-03,10:45,Cow_10,0,0,0,15,25.5,Cloudy,Field C
2022-11-03,10:45,Cow_11,0,0,0,15,25.5,Cloudy,Field B
2022-11-03,10:45,Cow_12,0,0,0,15,25.5,Cloudy,Field A
2022-11-03,10:45,Cow_13,11,7,0,0,25.5,Cloudy,Field C
2022-11-03,10:45,Cow_14,0,10,6,0,25.5,Cloudy,Field A
2022-11-03,10:45,Cow_15,10,0,9,0,25.5,Cloudy,Field B
2022-11-03,10:45,Cow_16,12,0,5,0,25.5,Cloudy,Field B
2022-11-03,10:45,Cow_17,13,5,0,0,25.5,Cloudy,Field A
2022-11-03,10:45,Cow_18,9,7,0,0,25.5,Cloudy,Field B
2022-11-03,10:45,Cow_19,14,7,0,0,25.5,Cloudy,Field A
2022-11-03,10:45,Cow_20,6,4,5,0,25.5,Cloudy,Field A
2022-11-03,10:45,Cow_21,10,2,3,0,25.5,Cloudy,Field A
2022-11-03,10:45,Cow_22,3,5,7,0,25.5,Cloudy,Field A
2022-11-03,10:45,Cow_23,6,4,5,0,25.5,Cloudy,Field A
2022-11-03,10:45,Cow_24,0,0,0,15,25.5,Cloudy,Field B
2022-11-03,10:45,Cow_25,9,0,6,0,25.5,Cloudy,Field C
2022-11-03,10:45,Cow_26,6,6,3,0,25.5,Cloudy,Field B
2022-11-03,10:45,Cow_27,15,8,0,0,25.5,Cloudy,Field B
2022-11-03,10:45,Cow_28,7,2,6,0,25.5,Cloudy,Field C
2022-11-03,10:45,Cow_29,6,4,5,0,25.5,Cloudy,Field C
2022-11-03,10:45,Cow_30,10,0,8,0,25.5,Cloudy,Field A
2022-11-03,10:45,Cow_31,9,8,0,0,25.5,Cloudy,Field A
2022-11-03,10:45,Cow_32,0,0,0,15,25.5,Cloudy,Field C
2022-11-03,10:45,Cow_33,0,9,7,0,25.5,Cloudy,Field B
2022-11-03,10:45,Cow_34,9,8,0,0,25.5,Cloudy,Field B
2022-11-03,10:45,Cow_35,9,3,3,0,25.5,Cloudy,Field B
2022-11-03,10:45,Cow_36,12,7,0,0,25.5,Cloudy,Field B
2022-11-03,10:45,Cow_37,5,7,3,0,25.5,Cloudy,Field A
2022-11-03,10:45,Cow_38,6,10,0,0,25.5,Cloudy,Field C
2022-11-03,10:45,Cow_39,8,12,0,0,25.5,Cloudy,Field B
2022-11-03,10:45,Cow_40,2,9,4,0,25.5,Cloudy,Field A
2022-11-03,10:45,Cow_41,10,0,6,0,25.5,Cloudy,Field C
2022-11-03,10:45,Cow_42,0,12,8,0,25.5,Cloudy,Field A
2022-11-03,10:45,Cow_43,14,6,0,0,25.5,Cloudy,Field B
2022-11-03,10:45,Cow_44,8,9,0,0,25.5,Cloudy,Field C
2022-11-03,10:45,Cow_45,12,0,5,0,25.5,Cloudy,Field B
2022-11-03,10:45,Cow_46,0,0,0,15,25.5,Cloudy,Field B
2022-11-03,10:45,Cow_47,12,10,0,0,25.5,Cloudy,Field C
2022-11-03,10:45,Cow_48,8,3,4,0,25.5,Cloudy,Field A
2022-11-03,10:45,Cow_49,5,3,7,0,25.5,Cloudy,Field B
2022-11-03,11:00,Cow_1,3,5,7,0,29.2,Sunny,Field A
2022-11-03,11:00,Cow_2,0,0,0,15,29.2,Sunny,Field A
2022-11-03,11:00,Cow_3,10,0,5,0,29.2,Sunny,Field A
2022-11-03,11:00,Cow_4,1,9,5,0,29.2,Sunny,Field B
2022-11-03,11:00,Cow_5,4,3,8,0,29.2,Sunny,Field A
2022-11-03,11:00,Cow_6,8,1,6,0,29.2,Sunny,Field C
2022-11-03,11:00,Cow_7,11,6,0,0,29.2,Sunny,Field B
2022-11-03,11:00,Cow_8,11,8,0,0,29.2,Sunny,Field C
2022-11-03,11:00,Cow_9,1,6,8,0,29.2,Sunny,Field C
2022-11-03,11:00,Cow_10,14,5,0,0,29.2,Sunny,Field C
2022-11-03,11:00,Cow_11,11,0,4,0,29.2,Sunny,Field A
2022-11-03,11:00,Cow_12,0,12,4,0,29.2,Sunny,Field A
2022-11-03,11:00,Cow_13,8,0,7,0,29.2,Sunny,Field C
2022-11-03,11:00,Cow_14,12,4,0,0,29.2,Sunny,Field B
2022-11-03,11:00,Cow_15,8,3,4,0,29.2,Sunny,Field A
2022-11-03,11:00,Cow_16,7,6,2,0,29.2,Sunny,Field B
2022-11-03,11:00,Cow_17,7,5,3,0,29.2,Sunny,Field B
2022-11-03,11:00,Cow_18,7,4,4,0,29.2,Sunny,Field B
2022-11-03,11:00,Cow_19,15,0,5,0,29.2,Sunny,Field C
2022-11-03,11:00,Cow_20,9,7,0,0,29.2,Sunny,Field C
2022-11-03,11:00,Cow_21,14,0,4,0,29.2,Sunny,Field C
2022-11-03,11:00,Cow_22,5,4,6,0,29.2,Sunny,Field A
2022-11-03,11:00,Cow_23,12,9,0,0,29.2,Sunny,Field A
2022-11-03,11:00,Cow_24,13,9,0,0,29.2,Sunny,Field C
2022-11-03,11:00,Cow_25,9,3,3,0,29.2,Sunny,Field C
2022-11-03,11:00,Cow_26,5,3,7,0,29.2,Sunny,Field C
2022-11-03,11:00,Cow_27,13,0,7,0,29.2,Sunny,Field A
2022-11-03,11:00,Cow_28,7,1,7,0,29.2,Sunny,Field C
2022-11-03,11:00,Cow_29,3,7,5,0,29.2,Sunny,Field B
2022-11-03,11:00,Cow_30,6,6,3,0,29.2,Sunny,Field C
2022-11-03,11:00,Cow_31,0,0,0,15,29.2,Sunny,Field C
2022-11-03,11:00,Cow_32,0,0,0,15,29.2,Sunny,Field C
2022-11-03,11:00,Cow_33,8,7,0,0,29.2,Sunny,Field C
2022-11-03,11:00,Cow_34,5,4,6,0,29.2,Sunny,Field B
2022-11-03,11:00,Cow_35,14,0,8,0,29.2,Sunny,Field A
2022-11-03,11:00,Cow_36,6,5,4,0,29.2,Sunny,Field C
2022-11-03,11:00,Cow_37,6,6,3,0,29.2,Sunny,Field C
2022-11-03,11:00,Cow_38,5,3,7,0,29.2,Sunny,Field C
2022-11-03,11:00,Cow_39,12,5,0,0,29.2,Sunny,Field A
2022-11-03,11:00,Cow_40,8,9,0,0,29.2,Sunny,Field A
2022-11-03,11:00,Cow_41,0,0,0,15,29.2,Sunny,Field A
2022-11-03,11:00,Cow_42,1,4,10,0,29.2,Sunny,Field A
2022-11-03,11:00,Cow_43,7,1,7,0,29.2,Sunny,Field A
2022-11-03,11:00,Cow_44,0,9,7,0,29.2,Sunny,Field A
2022-11-03,11:00,Cow_45,14,0,5,0,29.2,Sunny,Field C
2022-11-03,11:00,Cow_46,5,4,6,0,29.2,Sunny,Field B
2022-11-03,11:00,Cow_47,14,0,4,0,29.2,Sunny,Field B
2022-11-03,11:00,Cow_48,5,7,3,0,29.2,Sunny,Field A
2022-11-03,11:00,Cow_49,0,0,0,15,29.2,Sunny,Field C
2022-11-03,11:15,Cow_1,10,0,7,0,31.8,Rainy,Field A
2022-11-03,11:15,Cow_2,9,7,0,0,31.8,Rainy,Field B
2022-11-03,11:15,Cow_3,6,5,4,0,31.8,Rainy,Field A
2022-11-03,11:15,Cow_4,5,7,3,0,31.8,Rainy,Field A
2022-11-03,11:15,Cow_5,14,3,0,0,31.8,Rainy,Field B
2022-11-03,11:15,Cow_6,6,5,4,0,31.8,Rainy,Field C
2022-11-03,11:15,Cow_7,0,0,0,15,31.8,Rainy,Field A
2022-11-03,11:15,Cow_8,6,4,5,0,31.8,Rainy,Field A
2022-11-03,11:15,Cow_9,1,8,6,0,31.8,Rainy,Field B
2022-11-03,11:15,Cow_10,3,5,7,0,31.8,Rainy,Field B
2022-11-03,11:15,Cow_11,0,0,0,15,31.8,Rainy,Field C
2022-11-03,11:15,Cow_12,7,3,5,0,31.8,Rainy,Field A
2022-11-03,11:15,Cow_13,6,8,1,0,31.8,Rainy,Field B
2022-11-03,11:15,Cow_14,12,0,5,0,31.8,Rainy,Field A
2022-11-03,11:15,Cow_15,0,11,8,0,31.8,Rainy,Field C
2022-11-03,11:15,Cow_16,6,0,9,0,31.8,Rainy,Field B
2022-11-03,11:15,Cow_17,9,0,6,0,31.8,Rainy,Field C
2022-11-03,11:15,Cow_18,0,8,8,0,31.8,Rainy,Field B
2022-11-03,11:15,Cow_19,4,3,8,0,31.8,Rainy,Field C
2022-11-03,11:15,Cow_20,9,0,7,0,31.8,Rainy,Field B
2022-11-03,11:15,Cow_21,3,4,8,0,31.8,Rainy,Field C
2022-11-03,11:15,Cow_22,15,10,0,0,31.8,Rainy,Field C
2022-11-03,11:15,Cow_23,6,6,3,0,31.8,Rainy,Field A
2022-11-03,11:15,Cow_24,0,0,0,15,31.8,Rainy,Field A
2022-11-03,11:15,Cow_25,7,7,1,0,31.8,Rainy,Field B
2022-11-03,11:15,Cow_26,3,6,6,0,31.8,Rainy,Field C
2022-11-03,11:15,Cow_27,15,6,0,0,31.8,Rainy,Field B
2022-11-03,11:15,Cow_28,5,6,4,0,31.8,Rainy,Field C
2022-11-03,11:15,Cow_29,0,0,0,15,31.8,Rainy,Field C
2022-11-03,11:15,Cow_30,12,9,0,0,31.8,Rainy,Field A
2022-11-03,11:15,Cow_31,10,0,8,0,31.8,Rainy,Field A
2022-11-03,11:15,Cow_32,3,7,5,0,31.8,Rainy,Field B
2022-11-03,11:15,Cow_33,14,0,8,0,31.8,Rainy,Field C
2022-11-03,11:15,Cow_34,5,7,3,0,31.8,Rainy,Field C
2022-11-03,11:15,Cow_35,6,4,5,0,31.8,Rainy,Field C
2022-11-03,11:15,Cow_36,2,9,4,0,31.8,Rainy,Field C
2022-11-03,11:15,Cow_37,8,4,3,0,31.8,Rainy,Field A
2022-11-03,11:15,Cow_38,6,10,0,0,31.8,Rainy,Field B
2022-11-03,11:15,Cow_39,4,8,3,0,31.8,Rainy,Field C
2022-11-03,11:15,Cow_40,0,11,10,0,31.8,Rainy,Field C
2022-11-03,11:15,Cow_41,9,4,2,0,31.8,Rainy,Field A
2022-11-03,11:15,Cow_42,15,0,3,0,31.8,Rainy,Field B
2022-11-03,11:15,Cow_43,9,5,1,0,31.8,Rainy,Field C
2022-11-03,11:15,Cow_44,7,3,5,0,31.8,Rainy,Field B
2022-11-03,11:15,Cow_45,7,6,2,0,31.8,Rainy,Field C
2022-11-03,11:15,Cow_46,6,3,6,0,31.8,Rainy,Field B
2022-11-03,11:15,Cow_47,0,0,0,15,31.8,Rainy,Field C
2022-11-03,11:15,Cow_48,7,10,0,0,31.8,Rainy,Field A
2022-11-03,11:15,Cow_49,14,8,0,0,31.8,Rainy,Field A
2022-11-03,11:30,Cow_1,5,6,4,0,25.2,Rainy,Field C
2022-11-03,11:30,Cow_2,0,7,8,0,25.2,Rainy,Field C
2022-11-03,11:30,Cow_3,14,10,0,0,25.2,Rainy,Field B
2022-11-03,11:30,Cow_4,7,8,0,0,25.2,Rainy,Field C
2022-11-03,11:30,Cow_5,8,10,0,0,25.2,Rainy,Field C
2022-11-03,11:30,Cow_6,15,0,5,0,25.2,Rainy,Field A
2022-11-03,11:30,Cow_7,13,7,0,0,25.2,Rainy,Field C
2022-11-03,11:30,Cow_8,15,12,0,0,25.2,Rainy,Field A
2022-11-03,11:30,Cow_9,0,0,0,15,25.2,Rainy,Field A
2022-11-03,11:30,Cow_10,1,8,6,0,25.2,Rainy,Field A
2022-11-03,11:30,Cow_11,13,4,0,0,25.2,Rainy,Field A
2022-11-03,11:30,Cow_12,0,10,8,0,25.2,Rainy,Field C
2022-11-03,11:30,Cow_13,7,5,3,0,25.2,Rainy,Field C
2022-11-03,11:30,Cow_14,3,8,4,0,25.2,Rainy,Field C
2022-11-03,11:30,Cow_15,15,11,0,0,25.2,Rainy,Field C
2022-11-03,11:30,Cow_16,9,0,8,0,25.2,Rainy,Field A
2022-11-03,11:30,Cow_17,5,7,3,0,25.2,Rainy,Field B
2022-11-03,11:30,Cow_18,8,2,5,0,25.2,Rainy,Field C
2022-11-03,11:30,Cow_19,8,0,10,0,25.2,Rainy,Field C
2022-11-03,11:30,Cow_20,3,4,8,0,25.2,Rainy,Field B
2022-11-03,11:30,Cow_21,5,6,4,0,25.2,Rainy,Field C
2022-11-03,11:30,Cow_22,8,4,3,0,25.2,Rainy,Field A
2022-11-03,11:30,Cow_23,10,7,0,0,25.2,Rainy,Field A
2022-11-03,11:30,Cow_24,0,0,0,15,25.2,Rainy,Field C
2022-11-03,11:30,Cow_25,2,7,6,0,25.2,Rainy,Field B
2022-11-03,11:30,Cow_26,12,0,7,0,25.2,Rainy,Field B
2022-11-03,11:30,Cow_27,5,12,0,0,25.2,Rainy,Field A
2022-11-03,11:30,Cow_28,9,8,0,0,25.2,Rainy,Field A
2022-11-03,11:30,Cow_29,0,10,7,0,25.2,Rainy,Field C
2022-11-03,11:30,Cow_30,9,5,1,0,25.2,Rainy,Field B
2022-11-03,11:30,Cow_31,5,10,0,0,25.2,Rainy,Field B
2022-11-03,11:30,Cow_32,0,11,9,0,25.2,Rainy,Field B
2022-11-03,11:30,Cow_33,13,3,0,0,25.2,Rainy,Field A
2022-11-03,11:30,Cow_34,6,4,5,0,25.2,Rainy,Field A
2022-11-03,11:30,Cow_35,12,5,0,0,25.2,Rainy,Field A
2022-11-03,11:30,Cow_36,5,7,3,0,25.2,Rainy,Field A
2022-11-03,11:30,Cow_37,12,0,4,0,25.2,Rainy,Field B
2022-11-03,11:30,Cow_38,0,0,0,15,25.2,Rainy,Field B
2022-11-03,11:30,Cow_39,10,7,0,0,25.2,Rainy,Field A
2022-11-03,11:30,Cow_40,8,5,2,0,25.2,Rainy,Field C
2022-11-03,11:30,Cow_41,1,7,7,0,25.2,Rainy,Field B
2022-11-03,11:30,Cow_42,7,4,4,0,25.2,Rainy,Field C
2022-11-03,11:30,Cow_43,7,9,0,0,25.2,Rainy,Field C
2022-11-03,11:30,Cow_44,12,9,0,0,25.2,Rainy,Field A
2022-11-03,11:30,Cow_45,5,7,3,0,25.2,Rainy,Field A
2022-11-03,11:30,Cow_46,9,3,3,0,25.2,Rainy,Field B
2022-11-03,11:30,Cow_47,14,4,0,0,25.2,Rainy,Field B
2022-11-03,11:30,Cow_48,10,0,5,0,25.2,Rainy,Field C
2022-11-03,11:30,Cow_49,4,5,6,0,25.2,Rainy,Field C
2022-11-03,11:45,Cow_1,7,5,3,0,36.1,Rainy,Field B
2022-11-03,11:45,Cow_2,9,3,3,0,36.1,Rainy,Field A
2022-11-03,11:45,Cow_3,11,10,0,0,36.1,Rainy,Field C
2022-11-03,11:45,Cow_4,12,0,3,0,36.1,Rainy,Field B
2022-11-03,11:45,Cow_5,14,7,0,0,36.1,Rainy,Field B
2022-11-03,11:45,Cow_6,6,2,7,0,36.1,Rainy,Field A
2022-11-03,11:45,Cow_7,0,0,0,15,36.1,Rainy,Field B
2022-11-03,11:45,Cow_8,4,7,4,0,36.1,Rainy,Field C
2022-11-03,11:45,Cow_9,4,5,6,0,36.1,Rainy,Field A
2022-11-03,11:45,Cow_10,6,9,0,0,36.1,Rainy,Field C
2022-11-03,11:45,Cow_11,5,5,5,0,36.1,Rainy,Field A
2022-11-03,11:45,Cow_12,8,0,9,0,36.1,Rainy,Field A
2022-11-03,11:45,Cow_13,8,3,4,0,36.1,Rainy,Field C
2022-11-03,11:45,Cow_14,5,7,3,0,36.1,Rainy,Field B
2022-11-03,11:45,Cow_15,15,7,0,0,36.1,Rainy,Field A
2022-11-03,11:45,Cow_16,6,0,9,0,36.1,Rainy,Field B
2022-11-03,11:45,Cow_17,14,0,7,0,36.1,Rainy,Field B
2022-11-03,11:45,Cow_18,8,2,5,0,36.1,Rainy,Field A
2022-11-03,11:45,Cow_19,1,4,10,0,36.1,Rainy,Field B
2022-11-03,11:45,Cow_20,11,1,3,0,36.1,Rainy,Field B
2022-11-03,11:45,Cow_21,6,6,3,0,36.1,Rainy,Field B
2022-11-03,11:45,Cow_22,0,12,4,0,36.1,Rainy,Field C
2022-11-03,11:45,Cow_23,10,6,0,0,36.1,Rainy,Field A
2022-11-03,11:45,Cow_24,5,5,5,0,36.1,Rainy,Field C
2022-11-03,11:45,Cow_25,10,0,6,0,36.1,Rainy,Field A
2022-11-03,11:45,Cow_26,5,6,4,0,36.1,Rainy,Field A
2022-11-03,11:45,Cow_27,0,10,8,0,36.1,Rainy,Field C
2022-11-03,11:45,Cow_28,14,5,0,0,36.1,Rainy,Field C
2022-11-03,11:45,Cow_29,12,0,7,0,36.1,Rainy,Field C
2022-11-03,11:45,Cow_30,9,0,6,0,36.1,Rainy,Field A
2022-11-03,11:45,Cow_31,4,3,8,0,36.1,Rainy,Field B
2022-11-03,11:45,Cow_32,6,7,2,0,36.1,Rainy,Field B
2022-11-03,11:45,Cow_33,7,4,4,0,36.1,Rainy,Field A
2022-11-03,11:45,Cow_34,11,9,0,0,36.1,Rainy,Field C
2022-11-03,11:45,Cow_35,11,0,5,0,36.1,Rainy,Field B
2022-11-03,11:45,Cow_36,0,8,8,0,36.1,Rainy,Field A
2022-11-03,11:45,Cow_37,14,10,0,0,36.1,Rainy,Field C
2022-11-03,11:45,Cow_38,8,2,5,0,36.1,Rainy,Field A
2022-11-03,11:45,Cow_39,11,3,1,0,36.1,Rainy,Field C
2022-11-03,11:45,Cow_40,10,8,0,0,36.1,Rainy,Field C
2022-11-03,11:45,Cow_41,12,0,6,0,36.1,Rainy,Field B
2022-11-03,11:45,Cow_42,4,7,4,0,36.1,Rainy,Field A
2022-11-03,11:45,Cow_43,2,6,7,0,36.1,Rainy,Field B
2022-11-03,11:45,Cow_44,10,9,0,0,36.1,Rainy,Field C
2022-11-03,11:45,Cow_45,5,6,4,0,36.1,Rainy,Field A
2022-11-03,11:45,Cow_46,7,9,0,0,36.1,Rainy,Field A
2022-11-03,11:45,Cow_47,6,5,4,0,36.1,Rainy,Field B
2022-11-03,11:45,Cow_48,13,0,7,0,36.1,Rainy,Field B
2022-11-03,11:45,Cow_49,7,4,4,0,36.1,Rainy,Field C
2022-11-03,12:00,Cow_1,12,9,0,0,23.6,Sunny,Field B
2022-11-03,12:00,Cow_2,10,2,3,0,23.6,Sunny,Field A
2022-11-03,12:00,Cow_3,4,8,3,0,23.6,Sunny,Field B
2022-11-03,12:00,Cow_4,9,0,8,0,23.6,Sunny,Field B
2022-11-03,12:00,Cow_5,5,3,7,0,23.6,Sunny,Field C
2022-11-03,12:00,Cow_6,0,11,5,0,23.6,Sunny,Field A
2022-11-03,12:00,Cow_7,9,2,4,0,23.6,Sunny,Field B
2022-11-03,12:00,Cow_8,12,0,6,0,23.6,Sunny,Field C
2022-11-03,12:00,Cow_9,9,1,5,0,23.6,Sunny,Field B
2022-11-03,12:00,Cow_10,8,0,7,0,23.6,Sunny,Field B
2022-11-03,12:00,Cow_11,8,6,1,0,23.6,Sunny,Field B
2022-11-03,12:00,Cow_12,0,6,9,0,23.6,Sunny,Field A
2022-11-03,12:00,Cow_13,11,0,6,0,23.6,Sunny,Field A
2022-11-03,12:00,Cow_14,0,10,6,0,23.6,Sunny,Field A
2022-11-03,12:00,Cow_15,0,5,10,0,23.6,Sunny,Field A
2022-11-03,12:00,Cow_16,13,7,0,0,23.6,Sunny,Field A
2022-11-03,12:00,Cow_17,5,5,5,0,23.6,Sunny,Field A
2022-11-03,12:00,Cow_18,10,6,0,0,23.6,Sunny,Field A
2022-11-03,12:00,Cow_19,11,0,4,0,23.6,Sunny,Field C
2022-11-03,12:00,Cow_20,9,1,5,0,23.6,Sunny,Field A
2022-11-03,12:00,Cow_21,2,6,7,0,23.6,Sunny,Field A
2022-11-03,12:00,Cow_22,5,6,4,0,23.6,Sunny,Field B
2022-11-03,12:00,Cow_23,13,5,0,0,23.6,Sunny,Field C
2022-11-03,12:00,Cow_24,10,5,0,0,23.6,Sunny,Field B
2022-11-03,12:00,Cow_25,0,0,0,15,23.6,Sunny,Field A
2022-11-03,12:00,Cow_26,9,3,3,0,23.6,Sunny,Field A
2022-11-03,12:00,Cow_27,13,0,5,0,23.6,Sunny,Field C
2022-11-03,12:00,Cow_28,5,5,5,0,23.6,Sunny,Field C
2022-11-03,12:00,Cow_29,0,0,0,15,23.6,Sunny,Field A
2022-11-03,12:00,Cow_30,1,6,8,0,23.6,Sunny,Field C
2022-11-03,12:00,Cow_31,0,9,8,0,23.6,Sunny,Field C
2022-11-03,12:00,Cow_32,0,12,5,0,23.6,Sunny,Field A
2022-11-03,12:00,Cow_33,6,3,6,0,23.6,Sunny,Field C
2022-11-03,12:00,Cow_34,8,10,0,0,23.6,Sunny,Field B
2022-11-03,12:00,Cow_35,0,10,7,0,23.6,Sunny,Field C
2022-11-03,12:00,Cow_36,5,8,2,0,23.6,Sunny,Field A
2022-11-03,12:00,Cow_37,0,10,7,0,23.6,Sunny,Field C
2022-11-03,12:00,Cow_38,13,7,0,0,23.6,Sunny,Field B
2022-11-03,12:00,Cow_39,0,0,0,15,23.6,Sunny,Field C
2022-11-03,12:00,Cow_40,6,12,0,0,23.6,Sunny,Field B
2022-11-03,12:00,Cow_41,0,0,0,15,23.6,Sunny,Field C
2022-11-03,12:00,Cow_42,12,10,0,0,23.6,Sunny,Field B
2022-11-03,12:00,Cow_43,2,8,5,0,23.6,Sunny,Field C
2022-11-03,12:00,Cow_44,5,3,7,0,23.6,Sunny,Field A
2022-11-03,12:00,Cow_45,0,8,7,0,23.6,Sunny,Field A
2022-11-03,12:00,Cow_46,12,10,0,0,23.6,Sunny,Field B
2022-11-03,12:00,Cow_47,11,7,0,0,23.6,Sunny,Field A
2022-11-03,12:00,Cow_48,7,6,2,0,23.6,Sunny,Field C
2022-11-03,12:00,Cow_49,5,4,6,0,23.6,Sunny,Field A
2022-11-03,12:15,Cow_1,7,4,4,0,31.9,Clear,Field B
2022-11-03,12:15,Cow_2,6,7,2,0,31.9,Clear,Field A
2022-11-03,12:15,Cow_3,4,3,8,0,31.9,Clear,Field C
2022-11-03,12:15,Cow_4,12,7,0,0,31.9,Clear,Field B
2022-11-03,12:15,Cow_5,14,7,0,0,31.9,Clear,Field A
2022-11-03,12:15,Cow_6,7,0,8,0,31.9,Clear,Field B
2022-11-03,12:15,Cow_7,0,0,0,15,31.9,Clear,Field A
2022-11-03,12:15,Cow_8,0,12,3,0,31.9,Clear,Field C
2022-11-03,12:15,Cow_9,9,0,6,0,31.9,Clear,Field B
2022-11-03,12:15,Cow_10,5,5,5,0,31.9,Clear,Field C
2022-11-03,12:15,Cow_11,4,6,5,0,31.9,Clear,Field B
2022-11-03,12:15,Cow_12,11,0,10,0,31.9,Clear,Field C
2022-11-03,12:15,Cow_13,4,6,5,0,31.9,Clear,Field B
2022-11-03,12:15,Cow_14,5,6,4,0,31.9,Clear,Field C
2022-11-03,12:15,Cow_15,4,9,2,0,31.9,Clear,Field B
2022-11-03,12:15,Cow_16,14,7,0,0,31.9,Clear,Field A
2022-11-03,12:15,Cow_17,3,5,7,0,31.9,Clear,Field B
2022-11-03,12:15,Cow_18,10,7,0,0,31.9,Clear,Field C
2022-11-03,12:15,Cow_19,15,10,0,0,31.9,Clear,Field C
2022-11-03,12:15,Cow_20,10,1,4,0,31.9,Clear,Field C
2022-11-03,12:15,Cow_21,8,2,5,0,31.9,Clear,Field C
2022-11-03,12:15,Cow_22,0,0,0,15,31.9,Clear,Field C
2022-11-03,12:15,Cow_23,4,5,6,0,31.9,Clear,Field B
2022-11-03,12:15,Cow_24,2,5,8,0,31.9,Clear,Field C
2022-11-03,12:15,Cow_25,5,5,5,0,31.9,Clear,Field B
2022-11-03,12:15,Cow_26,13,8,0,0,31.9,Clear,Field C
2022-11-03,12:15,Cow_27,8,1,6,0,31.9,Clear,Field C
2022-11-03,12:15,Cow_28,7,5,3,0,31.9,Clear,Field B
2022-11-03,12:15,Cow_29,0,10,5,0,31.9,Clear,Field A
2022-11-03,12:15,Cow_30,12,0,4,0,31.9,Clear,Field B
2022-11-03,12:15,Cow_31,5,3,7,0,31.9,Clear,Field A
2022-11-03,12:15,Cow_32,13,0,5,0,31.9,Clear,Field A
2022-11-03,12:15,Cow_33,11,3,1,0,31.9,Clear,Field A
2022-11-03,12:15,Cow_34,9,5,1,0,31.9,Clear,Field B
2022-11-03,12:15,Cow_35,0,9,6,0,31.9,Clear,Field C
2022-11-03,12:15,Cow_36,8,8,0,0,31.9,Clear,Field A
2022-11-03,12:15,Cow_37,3,8,4,0,31.9,Clear,Field A
2022-11-03,12:15,Cow_38,3,9,3,0,31.9,Clear,Field A
2022-11-03,12:15,Cow_39,0,7,8,0,31.9,Clear,Field A
2022-11-03,12:15,Cow_40,6,4,5,0,31.9,Clear,Field B
2022-11-03,12:15,Cow_41,10,3,2,0,31.9,Clear,Field C
2022-11-03,12:15,Cow_42,14,9,0,0,31.9,Clear,Field B
2022-11-03,12:15,Cow_43,13,3,0,0,31.9,Clear,Field A
2022-11-03,12:15,Cow_44,10,10,0,0,31.9,Clear,Field C
2022-11-03,12:15,Cow_45,13,0,8,0,31.9,Clear,Field C
2022-11-03,12:15,Cow_46,14,0,8,0,31.9,Clear,Field B
2022-11-03,12:15,Cow_47,7,9,0,0,31.9,Clear,Field C
2022-11-03,12:15,Cow_48,5,4,6,0,31.9,Clear,Field B
2022-11-03,12:15,Cow_49,12,4,0,0,31.9,Clear,Field B
2022-11-03,12:30,Cow_1,4,7,4,0,36.8,Sunny,Field A
2022-11-03,12:30,Cow_2,7,7,1,0,36.8,Sunny,Field C
2022-11-03,12:30,Cow_3,5,7,3,0,36.8,Sunny,Field C
2022-11-03,12:30,Cow_4,5,5,5,0,36.8,Sunny,Field C
2022-11-03,12:30,Cow_5,1,9,5,0,36.8,Sunny,Field A
2022-11-03,12:30,Cow_6,0,0,0,15,36.8,Sunny,Field B
2022-11-03,12:30,Cow_7,12,4,0,0,36.8,Sunny,Field B
2022-11-03,12:30,Cow_8,6,6,3,0,36.8,Sunny,Field B
2022-11-03,12:30,Cow_9,10,10,0,0,36.8,Sunny,Field A
2022-11-03,12:30,Cow_10,13,0,4,0,36.8,Sunny,Field A
2022-11-03,12:30,Cow_11,0,8,7,0,36.8,Sunny,Field A
2022-11-03,12:30,Cow_12,14,0,3,0,36.8,Sunny,Field C
2022-11-03,12:30,Cow_13,1,6,8,0,36.8,Sunny,Field A
2022-11-03,12:30,Cow_14,9,0,6,0,36.8,Sunny,Field B
2022-11-03,12:30,Cow_15,0,11,5,0,36.8,Sunny,Field B
2022-11-03,12:30,Cow_16,9,11,0,0,36.8,Sunny,Field B
2022-11-03,12:30,Cow_17,10,0,7,0,36.8,Sunny,Field A
2022-11-03,12:30,Cow_18,6,3,6,0,36.8,Sunny,Field A
2022-11-03,12:30,Cow_19,13,0,5,0,36.8,Sunny,Field B
2022-11-03,12:30,Cow_20,6,8,1,0,36.8,Sunny,Field C
2022-11-03,12:30,Cow_21,11,0,6,0,36.8,Sunny,Field A
2022-11-03,12:30,Cow_22,8,5,2,0,36.8,Sunny,Field A
2022-11-03,12:30,Cow_23,7,10,0,0,36.8,Sunny,Field A
2022-11-03,12:30,Cow_24,0,0,0,15,36.8,Sunny,Field B
2022-11-03,12:30,Cow_25,2,10,3,0,36.8,Sunny,Field C
2022-11-03,12:30,Cow_26,0,0,0,15,36.8,Sunny,Field C
2022-11-03,12:30,Cow_27,13,4,0,0,36.8,Sunny,Field B
2022-11-03,12:30,Cow_28,12,6,0,0,36.8,Sunny,Field B
2022-11-03,12:30,Cow_29,1,8,6,0,36.8,Sunny,Field B
2022-11-03,12:30,Cow_30,12,0,3,0,36.8,Sunny,Field A
2022-11-03,12:30,Cow_31,10,0,5,0,36.8,Sunny,Field B
2022-11-03,12:30,Cow_32,4,8,3,0,36.8,Sunny,Field C
2022-11-03,12:30,Cow_33,5,9,1,0,36.8,Sunny,Field B
2022-11-03,12:30,Cow_34,3,6,6,0,36.8,Sunny,Field B
2022-11-03,12:30,Cow_35,10,7,0,0,36.8,Sunny,Field A
2022-11-03,12:30,Cow_36,6,4,5,0,36.8,Sunny,Field B
2022-11-03,12:30,Cow_37,13,0,4,0,36.8,Sunny,Field A
2022-11-03,12:30,Cow_38,12,0,5,0,36.8,Sunny,Field C
2022-11-03,12:30,Cow_39,2,5,8,0,36.8,Sunny,Field A
2022-11-03,12:30,Cow_40,7,0,10,0,36.8,Sunny,Field A
2022-11-03,12:30,Cow_41,13,3,0,0,36.8,Sunny,Field B
2022-11-03,12:30,Cow_42,5,5,5,0,36.8,Sunny,Field B
2022-11-03,12:30,Cow_43,14,9,0,0,36.8,Sunny,Field A
2022-11-03,12:30,Cow_44,6,5,4,0,36.8,Sunny,Field C
2022-11-03,12:30,Cow_45,8,4,3,0,36.8,Sunny,Field A
2022-11-03,12:30,Cow_46,9,4,2,0,36.8,Sunny,Field A
2022-11-03,12:30,Cow_47,13,5,0,0,36.8,Sunny,Field C
2022-11-03,12:30,Cow_48,11,0,8,0,36.8,Sunny,Field A
2022-11-03,12:30,Cow_49,12,0,4,0,36.8,Sunny,Field B
2022-11-03,12:45,Cow_1,9,10,0,0,25.4,Cloudy,Field C
2022-11-03,12:45,Cow_2,9,9,0,0,25.4,Cloudy,Field C
2022-11-03,12:45,Cow_3,3,6,6,0,25.4,Cloudy,Field C
2022-11-03,12:45,Cow_4,11,4,0,0,25.4,Cloudy,Field A
2022-11-03,12:45,Cow_5,10,0,7,0,25.4,Cloudy,Field A
2022-11-03,12:45,Cow_6,6,6,3,0,25.4,Cloudy,Field B
2022-11-03,12:45,Cow_7,1,8,6,0,25.4,Cloudy,Field B
2022-11-03,12:45,Cow_8,7,1,7,0,25.4,Cloudy,Field A
2022-11-03,12:45,Cow_9,11,9,0,0,25.4,Cloudy,Field A
2022-11-03,12:45,Cow_10,6,3,6,0,25.4,Cloudy,Field B
2022-11-03,12:45,Cow_11,8,4,3,0,25.4,Cloudy,Field C
2022-11-03,12:45,Cow_12,15,0,8,0,25.4,Cloudy,Field C
2022-11-03,12:45,Cow_13,13,0,8,0,25.4,Cloudy,Field C
2022-11-03,12:45,Cow_14,9,2,4,0,25.4,Cloudy,Field C
2022-11-03,12:45,Cow_15,10,0,5,0,25.4,Cloudy,Field C
2022-11-03,12:45,Cow_16,1,11,3,0,25.4,Cloudy,Field B
2022-11-03,12:45,Cow_17,4,8,3,0,25.4,Cloudy,Field B
2022-11-03,12:45,Cow_18,0,7,8,0,25.4,Cloudy,Field C
2022-11-03,12:45,Cow_19,10,7,0,0,25.4,Cloudy,Field B
2022-11-03,12:45,Cow_20,7,4,4,0,25.4,Cloudy,Field B
2022-11-03,12:45,Cow_21,6,4,5,0,25.4,Cloudy,Field B
2022-11-03,12:45,Cow_22,9,5,1,0,25.4,Cloudy,Field A
2022-11-03,12:45,Cow_23,11,10,0,0,25.4,Cloudy,Field C
2022-11-03,12:45,Cow_24,10,5,0,0,25.4,Cloudy,Field B
2022-11-03,12:45,Cow_25,8,4,3,0,25.4,Cloudy,Field C
2022-11-03,12:45,Cow_26,3,6,6,0,25.4,Cloudy,Field C
2022-11-03,12:45,Cow_27,11,8,0,0,25.4,Cloudy,Field A
2022-11-03,12:45,Cow_28,7,5,3,0,25.4,Cloudy,Field A
2022-11-03,12:45,Cow_29,13,5,0,0,25.4,Cloudy,Field C
2022-11-03,12:45,Cow_30,11,4,0,0,25.4,Cloudy,Field A
2022-11-03,12:45,Cow_31,1,10,4,0,25.4,Cloudy,Field B
2022-11-03,12:45,Cow_32,2,7,6,0,25.4,Cloudy,Field A
2022-11-03,12:45,Cow_33,10,9,0,0,25.4,Cloudy,Field A
2022-11-03,12:45,Cow_34,10,0,6,0,25.4,Cloudy,Field B
2022-11-03,12:45,Cow_35,5,4,6,0,25.4,Cloudy,Field A
2022-11-03,12:45,Cow_36,12,0,7,0,25.4,Cloudy,Field B
2022-11-03,12:45,Cow_37,3,4,8,0,25.4,Cloudy,Field C
2022-11-03,12:45,Cow_38,0,8,8,0,25.4,Cloudy,Field C
2022-11-03,12:45,Cow_39,7,1,7,0,25.4,Cloudy,Field C
2022-11-03,12:45,Cow_40,15,0,10,0,25.4,Cloudy,Field C
2022-11-03,12:45,Cow_41,6,6,3,0,25.4,Cloudy,Field A
2022-11-03,12:45,Cow_42,9,0,8,0,25.4,Cloudy,Field A
2022-11-03,12:45,Cow_43,8,1,6,0,25.4,Cloudy,Field C
2022-11-03,12:45,Cow_44,13,0,3,0,25.4,Cloudy,Field B
2022-11-03,12:45,Cow_45,5,3,7,0,25.4,Cloudy,Field A
2022-11-03,12:45,Cow_46,13,0,4,0,25.4,Cloudy,Field A
2022-11-03,12:45,Cow_47,5,4,6,0,25.4,Cloudy,Field C
2022-11-03,12:45,Cow_48,7,2,6,0,25.4,Cloudy,Field B
2022-11-03,12:45,Cow_49,7,6,2,0,25.4,Cloudy,Field C
2022-11-03,13:00,Cow_1,6,5,4,0,27.9,Clear,Field C
2022-11-03,13:00,Cow_2,9,4,2,0,27.9,Clear,Field B
2022-11-03,13:00,Cow_3,11,0,7,0,27.9,Clear,Field B
2022-11-03,13:00,Cow_4,13,0,6,0,27.9,Clear,Field B
2022-11-03,13:00,Cow_5,0,10,7,0,27.9,Clear,Field C
2022-11-03,13:00,Cow_6,0,9,9,0,27.9,Clear,Field B
2022-11-03,13:00,Cow_7,2,10,3,0,27.9,Clear,Field C
2022-11-03,13:00,Cow_8,13,5,0,0,27.9,Clear,Field C
2022-11-03,13:00,Cow_9,14,0,8,0,27.9,Clear,Field A
2022-11-03,13:00,Cow_10,5,4,6,0,27.9,Clear,Field B
2022-11-03,13:00,Cow_11,14,0,5,0,27.9,Clear,Field A
2022-11-03,13:00,Cow_12,6,0,10,0,27.9,Clear,Field C
2022-11-03,13:00,Cow_13,6,8,1,0,27.9,Clear,Field A
2022-11-03,13:00,Cow_14,9,2,4,0,27.9,Clear,Field B
2022-11-03,13:00,Cow_15,0,0,0,15,27.9,Clear,Field B
2022-11-03,13:00,Cow_16,14,0,4,0,27.9,Clear,Field C
2022-11-03,13:00,Cow_17,1,8,6,0,27.9,Clear,Field B
2022-11-03,13:00,Cow_18,2,5,8,0,27.9,Clear,Field B
2022-11-03,13:00,Cow_19,8,0,7,0,27.9,Clear,Field A
2022-11-03,13:00,Cow_20,5,7,3,0,27.9,Clear,Field C
2022-11-03,13:00,Cow_21,12,4,0,0,27.9,Clear,Field A
2022-11-03,13:00,Cow_22,11,4,0,0,27.9,Clear,Field A
2022-11-03,13:00,Cow_23,0,0,0,15,27.9,Clear,Field B
2022-11-03,13:00,Cow_24,5,5,5,0,27.9,Clear,Field C
2022-11-03,13:00,Cow_25,4,8,3,0,27.9,Clear,Field C
2022-11-03,13:00,Cow_26,7,8,0,0,27.9,Clear,Field C
2022-11-03,13:00,Cow_27,0,12,4,0,27.9,Clear,Field B
2022-11-03,13:00,Cow_28,14,0,6,0,27.9,Clear,Field B
2022-11-03,13:00,Cow_29,12,9,0,0,27.9,Clear,Field B
2022-11-03,13:00,Cow_30,0,10,5,0,27.9,Clear,Field C
2022-11-03,13:00,Cow_31,13,9,0,0,27.9,Clear,Field C
2022-11-03,13:00,Cow_32,11,0,10,0,27.9,Clear,Field B
2022-11-03,13:00,Cow_33,9,2,4,0,27.9,Clear,Field C
2022-11-03,13:00,Cow_34,0,0,0,15,27.9,Clear,Field B
2022-11-03,13:00,Cow_35,12,7,0,0,27.9,Clear,Field B
2022-11-03,13:00,Cow_36,3,8,4,0,27.9,Clear,Field B
2022-11-03,13:00,Cow_37,13,0,6,0,27.9,Clear,Field C
2022-11-03,13:00,Cow_38,5,7,3,0,27.9,Clear,Field A
2022-11-03,13:00,Cow_39,0,0,0,15,27.9,Clear,Field B
2022-11-03,13:00,Cow_40,7,1,7,0,27.9,Clear,Field A
2022-11-03,13:00,Cow_41,2,8,5,0,27.9,Clear,Field B
2022-11-03,13:00,Cow_42,8,3,4,0,27.9,Clear,Field A
2022-11-03,13:00,Cow_43,8,3,4,0,27.9,Clear,Field C
2022-11-03,13:00,Cow_44,10,0,7,0,27.9,Clear,Field A
2022-11-03,13:00,Cow_45,5,2,8,0,27.9,Clear,Field C
2022-11-03,13:00,Cow_46,14,6,0,0,27.9,Clear,Field A
2022-11-03,13:00,Cow_47,10,10,0,0,27.9,Clear,Field B
2022-11-03,13:00,Cow_48,3,5,7,0,27.9,Clear,Field C
2022-11-03,13:00,Cow_49,7,4,4,0,27.9,Clear,Field B
2022-11-03,13:15,Cow_1,7,2,6,0,36.5,Clear,Field B
2022-11-03,13:15,Cow_2,10,9,0,0,36.5,Clear,Field A
2022-11-03,13:15,Cow_3,9,4,2,0,36.5,Clear,Field B
2022-11-03,13:15,Cow_4,7,7,1,0,36.5,Clear,Field C
2022-11-03,13:15,Cow_5,7,10,0,0,36.5,Clear,Field A
2022-11-03,13:15,Cow_6,13,6,0,0,36.5,Clear,Field B
2022-11-03,13:15,Cow_7,7,3,5,0,36.5,Clear,Field B
2022-11-03,13:15,Cow_8,9,7,0,0,36.5,Clear,Field B
2022-11-03,13:15,Cow_9,1,10,4,0,36.5,Clear,Field B
2022-11-03,13:15,Cow_10,2,9,4,0,36.5,Clear,Field B
2022-11-03,13:15,Cow_11,8,0,8,0,36.5,Clear,Field B
2022-11-03,13:15,Cow_12,5,9,1,0,36.5,Clear,Field B
2022-11-03,13:15,Cow_13,10,2,3,0,36.5,Clear,Field C
2022-11-03,13:15,Cow_14,14,0,4,0,36.5,Clear,Field A
2022-11-03,13:15,Cow_15,8,0,10,0,36.5,Clear,Field B
2022-11-03,13:15,Cow_16,15,0,5,0,36.5,Clear,Field C
2022-11-03,13:15,Cow_17,9,0,7,0,36.5,Clear,Field A
2022-11-03,13:15,Cow_18,11,8,0,0,36.5,Clear,Field A
2022-11-03,13:15,Cow_19,11,4,0,0,36.5,Clear,Field A
2022-11-03,13:15,Cow_20,0,10,8,0,36.5,Clear,Field B
2022-11-03,13:15,Cow_21,8,3,4,0,36.5,Clear,Field A
2022-11-03,13:15,Cow_22,7,6,2,0,36.5,Clear,Field B
2022-11-03,13:15,Cow_23,11,8,0,0,36.5,Clear,Field B
2022-11-03,13:15,Cow_24,10,7,0,0,36.5,Clear,Field B
2022-11-03,13:15,Cow_25,6,5,4,0,36.5,Clear,Field C
2022-11-03,13:15,Cow_26,0,10,8,0,36.5,Clear,Field B
2022-11-03,13:15,Cow_27,7,1,7,0,36.5,Clear,Field C
2022-11-03,13:15,Cow_28,12,0,6,0,36.5,Clear,Field B
2022-11-03,13:15,Cow_29,0,0,0,15,36.5,Clear,Field A
2022-11-03,13:15,Cow_30,11,0,7,0,36.5,Clear,Field A
2022-11-03,13:15,Cow_31,5,3,7,0,36.5,Clear,Field A
2022-11-03,13:15,Cow_32,15,10,0,0,36.5,Clear,Field A
2022-11-03,13:15,Cow_33,7,3,5,0,36.5,Clear,Field B
2022-11-03,13:15,Cow_34,0,0,0,15,36.5,Clear,Field A
2022-11-03,13:15,Cow_35,12,6,0,0,36.5,Clear,Field B
2022-11-03,13:15,Cow_36,1,9,5,0,36.5,Clear,Field B
2022-11-03,13:15,Cow_37,3,9,3,0,36.5,Clear,Field C
2022-11-03,13:15,Cow_38,13,0,3,0,36.5,Clear,Field C
2022-11-03,13:15,Cow_39,13,0,9,0,36.5,Clear,Field B
2022-11-03,13:15,Cow_40,8,0,9,0,36.5,Clear,Field B
2022-11-03,13:15,Cow_41,6,9,0,0,36.5,Clear,Field A
2022-11-03,13:15,Cow_42,15,6,0,0,36.5,Clear,Field A
2022-11-03,13:15,Cow_43,5,6,4,0,36.5,Clear,Field C
2022-11-03,13:15,Cow_44,11,1,3,0,36.5,Clear,Field B
2022-11-03,13:15,Cow_45,0,0,0,15,36.5,Clear,Field A
2022-11-03,13:15,Cow_46,8,4,3,0,36.5,Clear,Field A
2022-11-03,13:15,Cow_47,8,5,2,0,36.5,Clear,Field A
2022-11-03,13:15,Cow_48,12,0,8,0,36.5,Clear,Field A
2022-11-03,13:15,Cow_49,4,3,8,0,36.5,Clear,Field C
2022-11-03,13:30,Cow_1,9,8,0,0,27.0,Sunny,Field C
2022-11-03,13:30,Cow_2,5,6,4,0,27.0,Sunny,Field A
2022-11-03,13:30,Cow_3,5,7,3,0,27.0,Sunny,Field A
2022-11-03,13:30,Cow_4,10,1,4,0,27.0,Sunny,Field B
2022-11-03,13:30,Cow_5,8,1,6,0,27.0,Sunny,Field C
2022-11-03,13:30,Cow_6,15,7,0,0,27.0,Sunny,Field B
2022-11-03,13:30,Cow_7,2,5,8,0,27.0,Sunny,Field C
2022-11-03,13:30,Cow_8,5,5,5,0,27.0,Sunny,Field A
2022-11-03,13:30,Cow_9,11,6,0,0,27.0,Sunny,Field C
2022-11-03,13:30,Cow_10,9,0,8,0,27.0,Sunny,Field A
2022-11-03,13:30,Cow_11,12,10,0,0,27.0,Sunny,Field C
2022-11-03,13:30,Cow_12,12,0,8,0,27.0,Sunny,Field A
2022-11-03,13:30,Cow_13,10,8,0,0,27.0,Sunny,Field A
2022-11-03,13:30,Cow_14,5,7,3,0,27.0,Sunny,Field B
2022-11-03,13:30,Cow_15,5,9,1,0,27.0,Sunny,Field B
2022-11-03,13:30,Cow_16,1,5,9,0,27.0,Sunny,Field B
2022-11-03,13:30,Cow_17,8,5,2,0,27.0,Sunny,Field B
2022-11-03,13:30,Cow_18,5,3,7,0,27.0,Sunny,Field A
2022-11-03,13:30,Cow_19,12,9,0,0,27.0,Sunny,Field B
2022-11-03,13:30,Cow_20,0,10,8,0,27.0,Sunny,Field B
2022-11-03,13:30,Cow_21,3,7,5,0,27.0,Sunny,Field B
2022-11-03,13:30,Cow_22,3,7,5,0,27.0,Sunny,Field B
2022-11-03,13:30,Cow_23,0,8,8,0,27.0,Sunny,Field A
2022-11-03,13:30,Cow_24,3,6,6,0,27.0,Sunny,Field C
2022-11-03,13:30,Cow_25,0,0,0,15,27.0,Sunny,Field C
2022-11-03,13:30,Cow_26,0,10,8,0,27.0,Sunny,Field C
2022-11-03,13:30,Cow_27,6,8,1,0,27.0,Sunny,Field A
2022-11-03,13:30,Cow_28,12,0,4,0,27.0,Sunny,Field C
2022-11-03,13:30,Cow_29,0,10,6,0,27.0,Sunny,Field B
2022-11-03,13:30,Cow_30,7,10,0,0,27.0,Sunny,Field A
2022-11-03,13:30,Cow_31,7,4,4,0,27.0,Sunny,Field B
2022-11-03,13:30,Cow_32,12,12,0,0,27.0,Sunny,Field C
2022-11-03,13:30,Cow_33,10,0,6,0,27.0,Sunny,Field B
2022-11-03,13:30,Cow_34,14,6,0,0,27.0,Sunny,Field B
2022-11-03,13:30,Cow_35,13,4,0,0,27.0,Sunny,Field C
2022-11-03,13:30,Cow_36,0,0,0,15,27.0,Sunny,Field A
2022-11-03,13:30,Cow_37,0,0,0,15,27.0,Sunny,Field C
2022-11-03,13:30,Cow_38,5,7,3,0,27.0,Sunny,Field A
2022-11-03,13:30,Cow_39,3,10,2,0,27.0,Sunny,Field C
2022-11-03,13:30,Cow_40,3,4,8,0,27.0,Sunny,Field A
2022-11-03,13:30,Cow_41,10,0,5,0,27.0,Sunny,Field B
2022-11-03,13:30,Cow_42,10,3,2,0,27.0,Sunny,Field C
2022-11-03,13:30,Cow_43,0,0,0,15,27.0,Sunny,Field C
2022-11-03,13:30,Cow_44,9,0,8,0,27.0,Sunny,Field B
2022-11-03,13:30,Cow_45,6,3,6,0,27.0,Sunny,Field B
2022-11-03,13:30,Cow_46,8,6,1,0,27.0,Sunny,Field A
2022-11-03,13:30,Cow_47,7,1,7,0,27.0,Sunny,Field C
2022-11-03,13:30,Cow_48,6,6,3,0,27.0,Sunny,Field A
2022-11-03,13:30,Cow_49,6,10,0,0,27.0,Sunny,Field C
2022-11-03,13:45,Cow_1,0,0,0,15,25.6,Clear,Field A
2022-11-03,13:45,Cow_2,9,3,3,0,25.6,Clear,Field B
2022-11-03,13:45,Cow_3,9,2,4,0,25.6,Clear,Field C
2022-11-03,13:45,Cow_4,5,9,1,0,25.6,Clear,Field B
2022-11-03,13:45,Cow_5,3,7,5,0,25.6,Clear,Field B
2022-11-03,13:45,Cow_6,11,6,0,0,25.6,Clear,Field B
2022-11-03,13:45,Cow_7,7,1,7,0,25.6,Clear,Field A
2022-11-03,13:45,Cow_8,0,7,10,0,25.6,Clear,Field B
2022-11-03,13:45,Cow_9,8,0,7,0,25.6,Clear,Field A
2022-11-03,13:45,Cow_10,0,10,7,0,25.6,Clear,Field C
2022-11-03,13:45,Cow_11,0,0,0,15,25.6,Clear,Field A
2022-11-03,13:45,Cow_12,8,0,10,0,25.6,Clear,Field C
2022-11-03,13:45,Cow_13,14,0,5,0,25.6,Clear,Field A
2022-11-03,13:45,Cow_14,11,0,6,0,25.6,Clear,Field C
2022-11-03,13:45,Cow_15,0,6,9,0,25.6,Clear,Field A
2022-11-03,13:45,Cow_16,0,0,0,15,25.6,Clear,Field B
2022-11-03,13:45,Cow_17,6,6,3,0,25.6,Clear,Field A
2022-11-03,13:45,Cow_18,13,0,4,0,25.6,Clear,Field B
2022-11-03,13:45,Cow_19,12,4,0,0,25.6,Clear,Field C
2022-11-03,13:45,Cow_20,5,7,3,0,25.6,Clear,Field B
2022-11-03,13:45,Cow_21,0,9,7,0,25.6,Clear,Field B
2022-11-03,13:45,Cow_22,10,3,2,0,25.6,Clear,Field A
2022-11-03,13:45,Cow_23,0,0,0,15,25.6,Clear,Field C
2022-11-03,13:45,Cow_24,8,3,4,0,25.6,Clear,Field A
2022-11-03,13:45,Cow_25,4,8,3,0,25.6,Clear,Field C
2022-11-03,13:45,Cow_26,5,8,2,0,25.6,Clear,Field A
2022-11-03,13:45,Cow_27,1,6,8,0,25.6,Clear,Field B
2022-11-03,13:45,Cow_28,1,10,4,0,25.6,Clear,Field C
2022-11-03,13:45,Cow_29,3,6,6,0,25.6,Clear,Field B
2022-11-03,13:45,Cow_30,11,0,8,0,25.6,Clear,Field A
2022-11-03,13:45,Cow_31,12,0,3,0,25.6,Clear,Field B
2022-11-03,13:45,Cow_32,7,6,2,0,25.6,Clear,Field A
2022-11-03,13:45,Cow_33,14,0,8,0,25.6,Clear,Field C
2022-11-03,13:45,Cow_34,4,5,6,0,25.6,Clear,Field A
2022-11-03,13:45,Cow_35,8,3,4,0,25.6,Clear,Field C
2022-11-03,13:45,Cow_36,6,3,6,0,25.6,Clear,Field A
2022-11-03,13:45,Cow_37,5,6,4,0,25.6,Clear,Field B
2022-11-03,13:45,Cow_38,11,3,1,0,25.6,Clear,Field C
2022-11-03,13:45,Cow_39,0,12,3,0,25.6,Clear,Field A
2022-11-03,13:45,Cow_40,11,4,0,0,25.6,Clear,Field A
2022-11-03,13:45,Cow_41,0,0,0,15,25.6,Clear,Field B
2022-11-03,13:45,Cow_42,2,10,3,0,25.6,Clear,Field A
2022-11-03,13:45,Cow_43,8,3,4,0,25.6,Clear,Field B
2022-11-03,13:45,Cow_44,1,10,4,0,25.6,Clear,Field B
2022-11-03,13:45,Cow_45,0,0,0,15,25.6,Clear,Field B
2022-11-03,13:45,Cow_46,1,6,8,0,25.6,Clear,Field B
2022-11-03,13:45,Cow_47,9,4,2,0,25.6,Clear,Field C
2022-11-03,13:45,Cow_48,3,4,8,0,25.6,Clear,Field A
2022-11-03,13:45,Cow_49,3,6,6,0,25.6,Clear,Field B
2022-11-03,14:00,Cow_1,9,2,4,0,24.6,Clear,Field B
2022-11-03,14:00,Cow_2,5,5,5,0,24.6,Clear,Field B
2022-11-03,14:00,Cow_3,0,0,0,15,24.6,Clear,Field C
2022-11-03,14:00,Cow_4,5,5,5,0,24.6,Clear,Field A
2022-11-03,14:00,Cow_5,8,2,5,0,24.6,Clear,Field C
2022-11-03,14:00,Cow_6,5,2,8,0,24.6,Clear,Field A
2022-11-03,14:00,Cow_7,10,3,2,0,24.6,Clear,Field C
2022-11-03,14:00,Cow_8,4,9,2,0,24.6,Clear,Field C
2022-11-03,14:00,Cow_9,5,7,3,0,24.6,Clear,Field B
2022-11-03,14:00,Cow_10,14,0,4,0,24.6,Clear,Field A
2022-11-03,14:00,Cow_11,11,4,0,0,24.6,Clear,Field C
2022-11-03,14:00,Cow_12,14,12,0,0,24.6,Clear,Field A
2022-11-03,14:00,Cow_13,11,9,0,0,24.6,Clear,Field A
2022-11-03,14:00,Cow_14,9,3,3,0,24.6,Clear,Field B
2022-11-03,14:00,Cow_15,8,4,3,0,24.6,Clear,Field B
2022-11-03,14:00,Cow_16,11,12,0,0,24.6,Clear,Field B
2022-11-03,14:00,Cow_17,4,6,5,0,24.6,Clear,Field C
2022-11-03,14:00,Cow_18,9,4,2,0,24.6,Clear,Field B
2022-11-03,14:00,Cow_19,1,12,2,0,24.6,Clear,Field B
2022-11-03,14:00,Cow_20,0,8,7,0,24.6,Clear,Field A
2022-11-03,14:00,Cow_21,0,9,6,0,24.6,Clear,Field B
2022-11-03,14:00,Cow_22,3,9,3,0,24.6,Clear,Field A
2022-11-03,14:00,Cow_23,13,0,8,0,24.6,Clear,Field A
2022-11-03,14:00,Cow_24,9,0,8,0,24.6,Clear,Field C
2022-11-03,14:00,Cow_25,12,10,0,0,24.6,Clear,Field A
2022-11-03,14:00,Cow_26,4,5,6,0,24.6,Clear,Field A
2022-11-03,14:00,Cow_27,6,6,3,0,24.6,Clear,Field C
2022-11-03,14:00,Cow_28,12,10,0,0,24.6,Clear,Field C
2022-11-03,14:00,Cow_29,1,8,6,0,24.6,Clear,Field A
2022-11-03,14:00,Cow_30,11,4,0,0,24.6,Clear,Field C
2022-11-03,14:00,Cow_31,4,8,3,0,24.6,Clear,Field B
2022-11-03,14:00,Cow_32,15,12,0,0,24.6,Clear,Field C
2022-11-03,14:00,Cow_33,9,2,4,0,24.6,Clear,Field A
2022-11-03,14:00,Cow_34,0,0,0,15,24.6,Clear,Field A
2022-11-03,14:00,Cow_35,7,7,1,0,24.6,Clear,Field A
2022-11-03,14:00,Cow_36,9,1,5,0,24.6,Clear,Field A
2022-11-03,14:00,Cow_37,14,6,0,0,24.6,Clear,Field A
2022-11-03,14:00,Cow_38,5,6,4,0,24.6,Clear,Field B
2022-11-03,14:00,Cow_39,12,1,2,0,24.6,Clear,Field B
2022-11-03,14:00,Cow_40,11,0,7,0,24.6,Clear,Field A
2022-11-03,14:00,Cow_41,0,10,5,0,24.6,Clear,Field C
2022-11-03,14:00,Cow_42,8,7,0,0,24.6,Clear,Field B
2022-11-03,14:00,Cow_43,0,0,0,15,24.6,Clear,Field C
2022-11-03,14:00,Cow_44,7,4,4,0,24.6,Clear,Field B
2022-11-03,14:00,Cow_45,10,5,0,0,24.6,Clear,Field A
2022-11-03,14:00,Cow_46,13,5,0,0,24.6,Clear,Field A
2022-11-03,14:00,Cow_47,6,4,5,0,24.6,Clear,Field B
2022-11-03,14:00,Cow_48,6,5,4,0,24.6,Clear,Field B
2022-11-03,14:00,Cow_49,5,3,7,0,24.6,Clear,Field B
2022-11-03,14:15,Cow_1,1,10,4,0,26.0,Clear,Field C
2022-11-03,14:15,Cow_2,3,8,4,0,26.0,Clear,Field B
2022-11-03,14:15,Cow_3,10,0,8,0,26.0,Clear,Field B
2022-11-03,14:15,Cow_4,2,9,4,0,26.0,Clear,Field B
2022-11-03,14:15,Cow_5,0,0,0,15,26.0,Clear,Field A
2022-11-03,14:15,Cow_6,11,0,7,0,26.0,Clear,Field C
2022-11-03,14:15,Cow_7,14,0,7,0,26.0,Clear,Field A
2022-11-03,14:15,Cow_8,7,6,2,0,26.0,Clear,Field C
2022-11-03,14:15,Cow_9,7,8,0,0,26.0,Clear,Field C
2022-11-03,14:15,Cow_10,13,9,0,0,26.0,Clear,Field B
2022-11-03,14:15,Cow_11,5,3,7,0,26.0,Clear,Field A
2022-11-03,14:15,Cow_12,10,0,10,0,26.0,Clear,Field C
2022-11-03,14:15,Cow_13,7,5,3,0,26.0,Clear,Field B
2022-11-03,14:15,Cow_14,5,7,3,0,26.0,Clear,Field C
2022-11-03,14:15,Cow_15,13,0,6,0,26.0,Clear,Field A
2022-11-03,14:15,Cow_16,12,0,7,0,26.0,Clear,Field B
2022-11-03,14:15,Cow_17,0,0,0,15,26.0,Clear,Field A
2022-11-03,14:15,Cow_18,13,0,6,0,26.0,Clear,Field C
2022-11-03,14:15,Cow_19,0,0,0,15,26.0,Clear,Field A
2022-11-03,14:15,Cow_20,0,8,7,0,26.0,Clear,Field C
2022-11-03,14:15,Cow_21,10,1,4,0,26.0,Clear,Field B
2022-11-03,14:15,Cow_22,0,12,6,0,26.0,Clear,Field C
2022-11-03,14:15,Cow_23,8,1,6,0,26.0,Clear,Field B
2022-11-03,14:15,Cow_24,11,0,8,0,26.0,Clear,Field A
2022-11-03,14:15,Cow_25,10,7,0,0,26.0,Clear,Field B
2022-11-03,14:15,Cow_26,9,2,4,0,26.0,Clear,Field C
2022-11-03,14:15,Cow_27,11,0,5,0,26.0,Clear,Field A
2022-11-03,14:15,Cow_28,7,8,0,0,26.0,Clear,Field C
2022-11-03,14:15,Cow_29,5,5,5,0,26.0,Clear,Field B
2022-11-03,14:15,Cow_30,13,0,3,0,26.0,Clear,Field B
2022-11-03,14:15,Cow_31,11,0,5,0,26.0,Clear,Field A
2022-11-03,14:15,Cow_32,7,5,3,0,26.0,Clear,Field A
2022-11-03,14:15,Cow_33,13,4,0,0,26.0,Clear,Field C
2022-11-03,14:15,Cow_34,6,6,3,0,26.0,Clear,Field B
2022-11-03,14:15,Cow_35,12,0,7,0,26.0,Clear,Field A
2022-11-03,14:15,Cow_36,13,7,0,0,26.0,Clear,Field A
2022-11-03,14:15,Cow_37,0,8,7,0,26.0,Clear,Field C
2022-11-03,14:15,Cow_38,7,4,4,0,26.0,Clear,Field B
2022-11-03,14:15,Cow_39,0,0,0,15,26.0,Clear,Field B
2022-11-03,14:15,Cow_40,8,4,3,0,26.0,Clear,Field B
2022-11-03,14:15,Cow_41,5,8,2,0,26.0,Clear,Field C
2022-11-03,14:15,Cow_42,6,5,4,0,26.0,Clear,Field B
2022-11-03,14:15,Cow_43,3,4,8,0,26.0,Clear,Field C
2022-11-03,14:15,Cow_44,11,0,8,0,26.0,Clear,Field A
2022-11-03,14:15,Cow_45,6,3,6,0,26.0,Clear,Field B
2022-11-03,14:15,Cow_46,11,3,1,0,26.0,Clear,Field A
2022-11-03,14:15,Cow_47,14,0,6,0,26.0,Clear,Field A
2022-11-03,14:15,Cow_48,8,7,0,0,26.0,Clear,Field A
2022-11-03,14:15,Cow_49,10,4,1,0,26.0,Clear,Field C
2022-11-03,14:30,Cow_1,6,5,4,0,24.0,Rainy,Field C
2022-11-03,14:30,Cow_2,12,0,5,0,24.0,Rainy,Field C
2022-11-03,14:30,Cow_3,12,0,3,0,24.0,Rainy,Field B
2022-11-03,14:30,Cow_4,5,10,0,0,24.0,Rainy,Field B
2022-11-03,14:30,Cow_5,10,0,5,0,24.0,Rainy,Field A
2022-11-03,14:30,Cow_6,11,9,0,0,24.0,Rainy,Field A
2022-11-03,14:30,Cow_7,12,7,0,0,24.0,Rainy,Field B
2022-11-03,14:30,Cow_8,9,5,1,0,24.0,Rainy,Field C
2022-11-03,14:30,Cow_9,0,0,0,15,24.0,Rainy,Field B
2022-11-03,14:30,Cow_10,11,7,0,0,24.0,Rainy,Field B
2022-11-03,14:30,Cow_11,10,3,2,0,24.0,Rainy,Field A
2022-11-03,14:30,Cow_12,3,4,8,0,24.0,Rainy,Field C
2022-11-03,14:30,Cow_13,13,6,0,0,24.0,Rainy,Field B
2022-11-03,14:30,Cow_14,0,0,0,15,24.0,Rainy,Field A
2022-11-03,14:30,Cow_15,14,6,0,0,24.0,Rainy,Field B
2022-11-03,14:30,Cow_16,0,10,5,0,24.0,Rainy,Field A
2022-11-03,14:30,Cow_17,0,10,7,0,24.0,Rainy,Field A
2022-11-03,14:30,Cow_18,11,8,0,0,24.0,Rainy,Field C
2022-11-03,14:30,Cow_19,9,11,0,0,24.0,Rainy,Field A
2022-11-03,14:30,Cow_20,3,8,4,0,24.0,Rainy,Field B
2022-11-03,14:30,Cow_21,0,0,0,15,24.0,Rainy,Field B
2022-11-03,14:30,Cow_22,0,0,0,15,24.0,Rainy,Field A
2022-11-03,14:30,Cow_23,10,8,0,0,24.0,Rainy,Field B
2022-11-03,14:30,Cow_24,12,0,3,0,24.0,Rainy,Field C
2022-11-03,14:30,Cow_25,6,1,8,0,24.0,Rainy,Field B
2022-11-03,14:30,Cow_26,7,4,4,0,24.0,Rainy,Field C
2022-11-03,14:30,Cow_27,0,12,10,0,24.0,Rainy,Field A
2022-11-03,14:30,Cow_28,3,6,6,0,24.0,Rainy,Field B
2022-11-03,14:30,Cow_29,13,9,0,0,24.0,Rainy,Field B
2022-11-03,14:30,Cow_30,13,8,0,0,24.0,Rainy,Field A
2022-11-03,14:30,Cow_31,9,3,3,0,24.0,Rainy,Field B
2022-11-03,14:30,Cow_32,3,5,7,0,24.0,Rainy,Field B
2022-11-03,14:30,Cow_33,10,0,7,0,24.0,Rainy,Field A
2022-11-03,14:30,Cow_34,7,6,2,0,24.0,Rainy,Field C
2022-11-03,14:30,Cow_35,11,6,0,0,24.0,Rainy,Field C
2022-11-03,14:30,Cow_36,11,8,0,0,24.0,Rainy,Field C
2022-11-03,14:30,Cow_37,0,0,0,15,24.0,Rainy,Field A
2022-11-03,14:30,Cow_38,11,8,0,0,24.0,Rainy,Field C
2022-11-03,14:30,Cow_39,4,4,7,0,24.0,Rainy,Field B
2022-11-03,14:30,Cow_40,2,10,3,0,24.0,Rainy,Field C
2022-11-03,14:30,Cow_41,13,0,3,0,24.0,Rainy,Field C
2022-11-03,14:30,Cow_42,14,5,0,0,24.0,Rainy,Field B
2022-11-03,14:30,Cow_43,3,5,7,0,24.0,Rainy,Field A
2022-11-03,14:30,Cow_44,12,4,0,0,24.0,Rainy,Field C
2022-11-03,14:30,Cow_45,0,0,0,15,24.0,Rainy,Field C
2022-11-03,14:30,Cow_46,13,6,0,0,24.0,Rainy,Field A
2022-11-03,14:30,Cow_47,0,0,0,15,24.0,Rainy,Field B
2022-11-03,14:30,Cow_48,6,5,4,0,24.0,Rainy,Field A
2022-11-03,14:30,Cow_49,5,3,7,0,24.0,Rainy,Field A
2022-11-03,14:45,Cow_1,10,10,0,0,32.3,Cloudy,Field B
2022-11-03,14:45,Cow_2,3,6,6,0,32.3,Cloudy,Field B
2022-11-03,14:45,Cow_3,6,1,8,0,32.3,Cloudy,Field B
2022-11-03,14:45,Cow_4,4,4,7,0,32.3,Cloudy,Field A
2022-11-03,14:45,Cow_5,5,6,4,0,32.3,Cloudy,Field A
2022-11-03,14:45,Cow_6,3,3,9,0,32.3,Cloudy,Field B
2022-11-03,14:45,Cow_7,11,0,4,0,32.3,Cloudy,Field A
2022-11-03,14:45,Cow_8,5,5,5,0,32.3,Cloudy,Field A
2022-11-03,14:45,Cow_9,7,10,0,0,32.3,Cloudy,Field B
2022-11-03,14:45,Cow_10,9,7,0,0,32.3,Cloudy,Field B
2022-11-03,14:45,Cow_11,0,0,0,15,32.3,Cloudy,Field B
2022-11-03,14:45,Cow_12,0,9,8,0,32.3,Cloudy,Field C
2022-11-03,14:45,Cow_13,9,0,6,0,32.3,Cloudy,Field A
2022-11-03,14:45,Cow_14,2,8,5,0,32.3,Cloudy,Field B
2022-11-03,14:45,Cow_15,11,6,0,0,32.3,Cloudy,Field C
2022-11-03,14:45,Cow_16,10,0,9,0,32.3,Cloudy,Field B
2022-11-03,14:45,Cow_17,13,0,7,0,32.3,Cloudy,Field B
2022-11-03,14:45,Cow_18,12,10,0,0,32.3,Cloudy,Field C
2022-11-03,14:45,Cow_19,11,10,0,0,32.3,Cloudy,Field C
2022-11-03,14:45,Cow_20,9,0,8,0,32.3,Cloudy,Field A
2022-11-03,14:45,Cow_21,3,6,6,0,32.3,Cloudy,Field B
2022-11-03,14:45,Cow_22,11,0,6,0,32.3,Cloudy,Field B
2022-11-03,14:45,Cow_23,0,0,0,15,32.3,Cloudy,Field B
2022-11-03,14:45,Cow_24,13,8,0,0,32.3,Cloudy,Field C
2022-11-03,14:45,Cow_25,6,2,7,0,32.3,Cloudy,Field B
2022-11-03,14:45,Cow_26,5,10,0,0,32.3,Cloudy,Field A
2022-11-03,14:45,Cow_27,0,11,10,0,32.3,Cloudy,Field A
2022-11-03,14:45,Cow_28,8,3,4,0,32.3,Cloudy,Field B
2022-11-03,14:45,Cow_29,0,10,7,0,32.3,Cloudy,Field A
2022-11-03,14:45,Cow_30,13,7,0,0,32.3,Cloudy,Field C
2022-11-03,14:45,Cow_31,7,2,6,0,32.3,Cloudy,Field B
2022-11-03,14:45,Cow_32,1,7,7,0,32.3,Cloudy,Field B
2022-11-03,14:45,Cow_33,0,0,0,15,32.3,Cloudy,Field B
2022-11-03,14:45,Cow_34,12,0,4,0,32.3,Cloudy,Field B
2022-11-03,14:45,Cow_35,4,6,5,0,32.3,Cloudy,Field C
2022-11-03,14:45,Cow_36,13,3,0,0,32.3,Cloudy,Field C
2022-11-03,14:45,Cow_37,10,1,4,0,32.3,Cloudy,Field B
2022-11-03,14:45,Cow_38,10,8,0,0,32.3,Cloudy,Field B
2022-11-03,14:45,Cow_39,7,6,2,0,32.3,Cloudy,Field A
2022-11-03,14:45,Cow_40,15,0,6,0,32.3,Cloudy,Field C
2022-11-03,14:45,Cow_41,10,1,4,0,32.3,Cloudy,Field B
2022-11-03,14:45,Cow_42,0,11,6,0,32.3,Cloudy,Field C
2022-11-03,14:45,Cow_43,7,3,5,0,32.3,Cloudy,Field B
2022-11-03,14:45,Cow_44,8,1,6,0,32.3,Cloudy,Field B
2022-11-03,14:45,Cow_45,0,8,8,0,32.3,Cloudy,Field A
2022-11-03,14:45,Cow_46,2,5,8,0,32.3,Cloudy,Field A
2022-11-03,14:45,Cow_47,2,5,8,0,32.3,Cloudy,Field B
2022-11-03,14:45,Cow_48,9,5,1,0,32.3,Cloudy,Field C
2022-11-03,14:45,Cow_49,7,3,5,0,32.3,Cloudy,Field A
2022-11-03,15:00,Cow_1,0,10,8,0,25.0,Clear,Field B
2022-11-03,15:00,Cow_2,11,7,0,0,25.0,Clear,Field C
2022-11-03,15:00,Cow_3,14,4,0,0,25.0,Clear,Field B
2022-11-03,15:00,Cow_4,6,5,4,0,25.0,Clear,Field A
2022-11-03,15:00,Cow_5,7,2,6,0,25.0,Clear,Field A
2022-11-03,15:00,Cow_6,13,6,0,0,25.0,Clear,Field C
2022-11-03,15:00,Cow_7,8,8,0,0,25.0,Clear,Field A
2022-11-03,15:00,Cow_8,10,0,8,0,25.0,Clear,Field C
2022-11-03,15:00,Cow_9,7,4,4,0,25.0,Clear,Field A
2022-11-03,15:00,Cow_10,8,4,3,0,25.0,Clear,Field B
2022-11-03,15:00,Cow_11,0,0,0,15,25.0,Clear,Field C
2022-11-03,15:00,Cow_12,6,10,0,0,25.0,Clear,Field B
2022-11-03,15:00,Cow_13,12,0,6,0,25.0,Clear,Field B
2022-11-03,15:00,Cow_14,0,0,0,15,25.0,Clear,Field A
2022-11-03,15:00,Cow_15,15,0,10,0,25.0,Clear,Field C
2022-11-03,15:00,Cow_16,14,0,2,0,25.0,Clear,Field B
2022-11-03,15:00,Cow_17,1,9,5,0,25.0,Clear,Field A
2022-11-03,15:00,Cow_18,9,2,4,0,25.0,Clear,Field A
2022-11-03,15:00,Cow_19,15,0,8,0,25.0,Clear,Field C
2022-11-03,15:00,Cow_20,14,0,7,0,25.0,Clear,Field B
2022-11-03,15:00,Cow_21,3,6,6,0,25.0,Clear,Field C
2022-11-03,15:00,Cow_22,5,8,2,0,25.0,Clear,Field B
2022-11-03,15:00,Cow_23,8,9,0,0,25.0,Clear,Field A
2022-11-03,15:00,Cow_24,9,0,8,0,25.0,Clear,Field C
2022-11-03,15:00,Cow_25,6,1,8,0,25.0,Clear,Field B
2022-11-03,15:00,Cow_26,9,0,8,0,25.0,Clear,Field B
2022-11-03,15:00,Cow_27,5,7,3,0,25.0,Clear,Field C
2022-11-03,15:00,Cow_28,0,10,8,0,25.0,Clear,Field B
2022-11-03,15:00,Cow_29,6,2,7,0,25.0,Clear,Field C
2022-11-03,15:00,Cow_30,4,7,4,0,25.0,Clear,Field C
2022-11-03,15:00,Cow_31,0,8,7,0,25.0,Clear,Field B
2022-11-03,15:00,Cow_32,13,10,0,0,25.0,Clear,Field B
2022-11-03,15:00,Cow_33,2,5,8,0,25.0,Clear,Field C
2022-11-03,15:00,Cow_34,4,4,7,0,25.0,Clear,Field C
2022-11-03,15:00,Cow_35,8,7,0,0,25.0,Clear,Field B
2022-11-03,15:00,Cow_36,6,3,6,0,25.0,Clear,Field C
2022-11-03,15:00,Cow_37,6,5,4,0,25.0,Clear,Field B
2022-11-03,15:00,Cow_38,0,0,0,15,25.0,Clear,Field B
2022-11-03,15:00,Cow_39,11,0,10,0,25.0,Clear,Field A
2022-11-03,15:00,Cow_40,0,11,6,0,25.0,Clear,Field B
2022-11-03,15:00,Cow_41,2,10,3,0,25.0,Clear,Field A
2022-11-03,15:00,Cow_42,7,10,0,0,25.0,Clear,Field A
2022-11-03,15:00,Cow_43,12,0,5,0,25.0,Clear,Field B
2022-11-03,15:00,Cow_44,0,0,0,15,25.0,Clear,Field A
2022-11-03,15:00,Cow_45,0,0,0,15,25.0,Clear,Field C
2022-11-03,15:00,Cow_46,7,4,4,0,25.0,Clear,Field B
2022-11-03,15:00,Cow_47,3,9,3,0,25.0,Clear,Field A
2022-11-03,15:00,Cow_48,10,9,0,0,25.0,Clear,Field A
2022-11-03,15:00,Cow_49,14,8,0,0,25.0,Clear,Field A
2022-11-03,15:15,Cow_1,14,3,0,0,25.1,Rainy,Field A
2022-11-03,15:15,Cow_2,12,4,0,0,25.1,Rainy,Field B
2022-11-03,15:15,Cow_3,9,5,1,0,25.1,Rainy,Field B
2022-11-03,15:15,Cow_4,7,5,3,0,25.1,Rainy,Field C
2022-11-03,15:15,Cow_5,7,4,4,0,25.1,Rainy,Field C
2022-11-03,15:15,Cow_6,6,9,0,0,25.1,Rainy,Field A
2022-11-03,15:15,Cow_7,12,0,7,0,25.1,Rainy,Field B
2022-11-03,15:15,Cow_8,1,11,3,0,25.1,Rainy,Field A
2022-11-03,15:15,Cow_9,12,7,0,0,25.1,Rainy,Field C
2022-11-03,15:15,Cow_10,8,9,0,0,25.1,Rainy,Field B
2022-11-03,15:15,Cow_11,5,5,5,0,25.1,Rainy,Field B
2022-11-03,15:15,Cow_12,11,12,0,0,25.1,Rainy,Field C
2022-11-03,15:15,Cow_13,5,9,1,0,25.1,Rainy,Field C
2022-11-03,15:15,Cow_14,8,3,4,0,25.1,Rainy,Field A
2022-11-03,15:15,Cow_15,14,0,7,0,25.1,Rainy,Field C
2022-11-03,15:15,Cow_16,10,10,0,0,25.1,Rainy,Field B
2022-11-03,15:15,Cow_17,5,6,4,0,25.1,Rainy,Field B
2022-11-03,15:15,Cow_18,0,10,6,0,25.1,Rainy,Field A
2022-11-03,15:15,Cow_19,5,4,6,0,25.1,Rainy,Field B
2022-11-03,15:15,Cow_20,0,0,0,15,25.1,Rainy,Field C
2022-11-03,15:15,Cow_21,1,7,7,0,25.1,Rainy,Field B
2022-11-03,15:15,Cow_22,14,11,0,0,25.1,Rainy,Field B
2022-11-03,15:15,Cow_23,5,7,3,0,25.1,Rainy,Field A
2022-11-03,15:15,Cow_24,6,5,4,0,25.1,Rainy,Field B
2022-11-03,15:15,Cow_25,0,10,8,0,25.1,Rainy,Field C
2022-11-03,15:15,Cow_26,0,10,5,0,25.1,Rainy,Field C
2022-11-03,15:15,Cow_27,0,0,0,15,25.1,Rainy,Field C
2022-11-03,15:15,Cow_28,10,8,0,0,25.1,Rainy,Field B
2022-11-03,15:15,Cow_29,4,3,8,0,25.1,Rainy,Field C
2022-11-03,15:15,Cow_30,5,3,7,0,25.1,Rainy,Field B
2022-11-03,15:15,Cow_31,0,10,6,0,25.1,Rainy,Field C
2022-11-03,15:15,Cow_32,0,0,0,15,25.1,Rainy,Field A
2022-11-03,15:15,Cow_33,6,4,5,0,25.1,Rainy,Field B
2022-11-03,15:15,Cow_34,2,5,8,0,25.1,Rainy,Field C
2022-11-03,15:15,Cow_35,7,3,5,0,25.1,Rainy,Field C
2022-11-03,15:15,Cow_36,4,4,7,0,25.1,Rainy,Field B
2022-11-03,15:15,Cow_37,4,4,7,0,25.1,Rainy,Field C
2022-11-03,15:15,Cow_38,10,7,0,0,25.1,Rainy,Field B
2022-11-03,15:15,Cow_39,0,9,8,0,25.1,Rainy,Field C
2022-11-03,15:15,Cow_40,3,4,8,0,25.1,Rainy,Field B
2022-11-03,15:15,Cow_41,1,9,5,0,25.1,Rainy,Field B
2022-11-03,15:15,Cow_42,10,10,0,0,25.1,Rainy,Field A
2022-11-03,15:15,Cow_43,10,0,8,0,25.1,Rainy,Field A
2022-11-03,15:15,Cow_44,13,6,0,0,25.1,Rainy,Field A
2022-11-03,15:15,Cow_45,5,5,5,0,25.1,Rainy,Field A
2022-11-03,15:15,Cow_46,13,4,0,0,25.1,Rainy,Field A
2022-11-03,15:15,Cow_47,7,5,3,0,25.1,Rainy,Field A
2022-11-03,15:15,Cow_48,11,3,1,0,25.1,Rainy,Field B
2022-11-03,15:15,Cow_49,8,4,3,0,25.1,Rainy,Field C
2022-11-03,15:30,Cow_1,9,2,4,0,24.8,Clear,Field C
2022-11-03,15:30,Cow_2,5,3,7,0,24.8,Clear,Field B
2022-11-03,15:30,Cow_3,7,8,0,0,24.8,Clear,Field C
2022-11-03,15:30,Cow_4,12,9,0,0,24.8,Clear,Field A
2022-11-03,15:30,Cow_5,11,0,6,0,24.8,Clear,Field C
2022-11-03,15:30,Cow_6,0,8,9,0,24.8,Clear,Field B
2022-11-03,15:30,Cow_7,12,0,8,0,24.8,Clear,Field A
2022-11-03,15:30,Cow_8,1,6,8,0,24.8,Clear,Field A
2022-11-03,15:30,Cow_9,10,2,3,0,24.8,Clear,Field A
2022-11-03,15:30,Cow_10,1,10,4,0,24.8,Clear,Field C
2022-11-03,15:30,Cow_11,4,8,3,0,24.8,Clear,Field A
2022-11-03,15:30,Cow_12,7,5,3,0,24.8,Clear,Field B
2022-11-03,15:30,Cow_13,13,5,0,0,24.8,Clear,Field B
2022-11-03,15:30,Cow_14,9,0,8,0,24.8,Clear,Field A
2022-11-03,15:30,Cow_15,1,6,8,0,24.8,Clear,Field B
2022-11-03,15:30,Cow_16,12,9,0,0,24.8,Clear,Field A
2022-11-03,15:30,Cow_17,0,0,0,15,24.8,Clear,Field C
2022-11-03,15:30,Cow_18,10,6,0,0,24.8,Clear,Field B
2022-11-03,15:30,Cow_19,5,4,6,0,24.8,Clear,Field A
2022-11-03,15:30,Cow_20,6,5,4,0,24.8,Clear,Field A
2022-11-03,15:30,Cow_21,7,8,0,0,24.8,Clear,Field A
2022-11-03,15:30,Cow_22,9,0,8,0,24.8,Clear,Field B
2022-11-03,15:30,Cow_23,1,7,7,0,24.8,Clear,Field C
2022-11-03,15:30,Cow_24,8,9,0,0,24.8,Clear,Field B
2022-11-03,15:30,Cow_25,10,1,4,0,24.8,Clear,Field B
2022-11-03,15:30,Cow_26,13,6,0,0,24.8,Clear,Field B
2022-11-03,15:30,Cow_27,11,1,3,0,24.8,Clear,Field A
2022-11-03,15:30,Cow_28,2,10,3,0,24.8,Clear,Field C
2022-11-03,15:30,Cow_29,13,0,3,0,24.8,Clear,Field C
2022-11-03,15:30,Cow_30,0,9,7,0,24.8,Clear,Field C
2022-11-03,15:30,Cow_31,6,2,7,0,24.8,Clear,Field A
2022-11-03,15:30,Cow_32,10,3,2,0,24.8,Clear,Field A
2022-11-03,15:30,Cow_33,0,8,8,0,24.8,Clear,Field C
2022-11-03,15:30,Cow_34,6,5,4,0,24.8,Clear,Field B
2022-11-03,15:30,Cow_35,14,7,0,0,24.8,Clear,Field C
2022-11-03,15:30,Cow_36,12,6,0,0,24.8,Clear,Field C
2022-11-03,15:30,Cow_37,6,6,3,0,24.8,Clear,Field C
2022-11-03,15:30,Cow_38,3,9,3,0,24.8,Clear,Field C
2022-11-03,15:30,Cow_39,3,9,3,0,24.8,Clear,Field A
2022-11-03,15:30,Cow_40,6,7,2,0,24.8,Clear,Field C
2022-11-03,15:30,Cow_41,8,3,4,0,24.8,Clear,Field B
2022-11-03,15:30,Cow_42,15,11,0,0,24.8,Clear,Field C
2022-11-03,15:30,Cow_43,10,3,2,0,24.8,Clear,Field A
2022-11-03,15:30,Cow_44,12,0,4,0,24.8,Clear,Field A
2022-11-03,15:30,Cow_45,8,0,8,0,24.8,Clear,Field B
2022-11-03,15:30,Cow_46,14,0,6,0,24.8,Clear,Field B
2022-11-03,15:30,Cow_47,3,7,5,0,24.8,Clear,Field C
2022-11-03,15:30,Cow_48,5,6,4,0,24.8,Clear,Field C
2022-11-03,15:30,Cow_49,3,8,4,0,24.8,Clear,Field A
2022-11-03,15:45,Cow_1,9,8,0,0,32.4,Clear,Field A
2022-11-03,15:45,Cow_2,4,4,7,0,32.4,Clear,Field C
2022-11-03,15:45,Cow_3,5,7,3,0,32.4,Clear,Field B
2022-11-03,15:45,Cow_4,7,4,4,0,32.4,Clear,Field B
2022-11-03,15:45,Cow_5,4,4,7,0,32.4,Clear,Field C
2022-11-03,15:45,Cow_6,13,11,0,0,32.4,Clear,Field A
2022-11-03,15:45,Cow_7,13,3,0,0,32.4,Clear,Field B
2022-11-03,15:45,Cow_8,5,2,8,0,32.4,Clear,Field C
2022-11-03,15:45,Cow_9,2,10,3,0,32.4,Clear,Field B
2022-11-03,15:45,Cow_10,14,0,7,0,32.4,Clear,Field C
2022-11-03,15:45,Cow_11,14,10,0,0,32.4,Clear,Field A
2022-11-03,15:45,Cow_12,10,3,2,0,32.4,Clear,Field A
2022-11-03,15:45,Cow_13,8,3,4,0,32.4,Clear,Field C
2022-11-03,15:45,Cow_14,9,0,6,0,32.4,Clear,Field A
2022-11-03,15:45,Cow_15,12,10,0,0,32.4,Clear,Field A
2022-11-03,15:45,Cow_16,2,7,6,0,32.4,Clear,Field C
2022-11-03,15:45,Cow_17,9,0,7,0,32.4,Clear,Field B
2022-11-03,15:45,Cow_18,12,4,0,0,32.4,Clear,Field A
2022-11-03,15:45,Cow_19,0,0,0,15,32.4,Clear,Field C
2022-11-03,15:45,Cow_20,5,7,3,0,32.4,Clear,Field B
2022-11-03,15:45,Cow_21,11,5,0,0,32.4,Clear,Field C
2022-11-03,15:45,Cow_22,8,5,2,0,32.4,Clear,Field A
2022-11-03,15:45,Cow_23,11,0,8,0,32.4,Clear,Field B
2022-11-03,15:45,Cow_24,14,3,0,0,32.4,Clear,Field B
2022-11-03,15:45,Cow_25,6,6,3,0,32.4,Clear,Field A
2022-11-03,15:45,Cow_26,5,6,4,0,32.4,Clear,Field A
2022-11-03,15:45,Cow_27,2,10,3,0,32.4,Clear,Field C
2022-11-03,15:45,Cow_28,11,0,5,0,32.4,Clear,Field B
2022-11-03,15:45,Cow_29,9,2,4,0,32.4,Clear,Field C
2022-11-03,15:45,Cow_30,8,3,4,0,32.4,Clear,Field A
2022-11-03,15:45,Cow_31,0,8,8,0,32.4,Clear,Field B
2022-11-03,15:45,Cow_32,1,11,3,0,32.4,Clear,Field C
2022-11-03,15:45,Cow_33,14,0,8,0,32.4,Clear,Field C
2022-11-03,15:45,Cow_34,7,2,6,0,32.4,Clear,Field B
2022-11-03,15:45,Cow_35,9,3,3,0,32.4,Clear,Field A
2022-11-03,15:45,Cow_36,5,2,8,0,32.4,Clear,Field B
2022-11-03,15:45,Cow_37,12,4,0,0,32.4,Clear,Field B
2022-11-03,15:45,Cow_38,13,10,0,0,32.4,Clear,Field A
2022-11-03,15:45,Cow_39,10,0,6,0,32.4,Clear,Field A
2022-11-03,15:45,Cow_40,9,8,0,0,32.4,Clear,Field B
2022-11-03,15:45,Cow_41,2,6,7,0,32.4,Clear,Field A
2022-11-03,15:45,Cow_42,14,0,3,0,32.4,Clear,Field C
2022-11-03,15:45,Cow_43,13,0,6,0,32.4,Clear,Field B
2022-11-03,15:45,Cow_44,8,3,4,0,32.4,Clear,Field A
2022-11-03,15:45,Cow_45,10,0,8,0,32.4,Clear,Field A
2022-11-03,15:45,Cow_46,11,6,0,0,32.4,Clear,Field C
2022-11-03,15:45,Cow_47,9,9,0,0,32.4,Clear,Field A
2022-11-03,15:45,Cow_48,0,0,0,15,32.4,Clear,Field A
2022-11-03,15:45,Cow_49,2,5,8,0,32.4,Clear,Field A
2022-11-03,16:00,Cow_1,13,0,5,0,35.2,Sunny,Field A
2022-11-03,16:00,Cow_2,9,5,1,0,35.2,Sunny,Field B
2022-11-03,16:00,Cow_3,5,3,7,0,35.2,Sunny,Field A
2022-11-03,16:00,Cow_4,11,9,0,0,35.2,Sunny,Field A
2022-11-03,16:00,Cow_5,1,10,4,0,35.2,Sunny,Field A
2022-11-03,16:00,Cow_6,11,12,0,0,35.2,Sunny,Field C
2022-11-03,16:00,Cow_7,10,9,0,0,35.2,Sunny,Field C
2022-11-03,16:00,Cow_8,2,6,7,0,35.2,Sunny,Field A
2022-11-03,16:00,Cow_9,1,9,5,0,35.2,Sunny,Field A
2022-11-03,16:00,Cow_10,9,0,6,0,35.2,Sunny,Field C
2022-11-03,16:00,Cow_11,6,4,5,0,35.2,Sunny,Field C
2022-11-03,16:00,Cow_12,0,11,8,0,35.2,Sunny,Field B
2022-11-03,16:00,Cow_13,12,0,7,0,35.2,Sunny,Field B
2022-11-03,16:00,Cow_14,7,5,3,0,35.2,Sunny,Field C
2022-11-03,16:00,Cow_15,9,0,6,0,35.2,Sunny,Field A
2022-11-03,16:00,Cow_16,0,0,0,15,35.2,Sunny,Field B
2022-11-03,16:00,Cow_17,14,7,0,0,35.2,Sunny,Field B
2022-11-03,16:00,Cow_18,3,6,6,0,35.2,Sunny,Field A
2022-11-03,16:00,Cow_19,13,4,0,0,35.2,Sunny,Field B
2022-11-03,16:00,Cow_20,6,5,4,0,35.2,Sunny,Field B
2022-11-03,16:00,Cow_21,8,0,7,0,35.2,Sunny,Field B
2022-11-03,16:00,Cow_22,8,12,0,0,35.2,Sunny,Field B
2022-11-03,16:00,Cow_23,6,7,2,0,35.2,Sunny,Field B
2022-11-03,16:00,Cow_24,13,0,5,0,35.2,Sunny,Field B
2022-11-03,16:00,Cow_25,1,8,6,0,35.2,Sunny,Field A
2022-11-03,16:00,Cow_26,14,0,8,0,35.2,Sunny,Field C
2022-11-03,16:00,Cow_27,9,0,7,0,35.2,Sunny,Field A
2022-11-03,16:00,Cow_28,7,4,4,0,35.2,Sunny,Field B
2022-11-03,16:00,Cow_29,1,7,7,0,35.2,Sunny,Field C
2022-11-03,16:00,Cow_30,2,8,5,0,35.2,Sunny,Field C
2022-11-03,16:00,Cow_31,13,10,0,0,35.2,Sunny,Field C
2022-11-03,16:00,Cow_32,13,5,0,0,35.2,Sunny,Field B
2022-11-03,16:00,Cow_33,14,8,0,0,35.2,Sunny,Field B
2022-11-03,16:00,Cow_34,8,2,5,0,35.2,Sunny,Field C
2022-11-03,16:00,Cow_35,3,4,8,0,35.2,Sunny,Field A
2022-11-03,16:00,Cow_36,5,2,8,0,35.2,Sunny,Field B
2022-11-03,16:00,Cow_37,4,7,4,0,35.2,Sunny,Field C
2022-11-03,16:00,Cow_38,0,0,0,15,35.2,Sunny,Field A
2022-11-03,16:00,Cow_39,10,0,5,0,35.2,Sunny,Field C
2022-11-03,16:00,Cow_40,2,9,4,0,35.2,Sunny,Field A
2022-11-03,16:00,Cow_41,13,0,6,0,35.2,Sunny,Field A
2022-11-03,16:00,Cow_42,14,0,7,0,35.2,Sunny,Field A
2022-11-03,16:00,Cow_43,4,8,3,0,35.2,Sunny,Field B
2022-11-03,16:00,Cow_44,3,4,8,0,35.2,Sunny,Field B
2022-11-03,16:00,Cow_45,7,9,0,0,35.2,Sunny,Field A
2022-11-03,16:00,Cow_46,8,3,4,0,35.2,Sunny,Field C
2022-11-03,16:00,Cow_47,5,4,6,0,35.2,Sunny,Field C
2022-11-03,16:00,Cow_48,0,0,0,15,35.2,Sunny,Field A
2022-11-03,16:00,Cow_49,12,9,0,0,35.2,Sunny,Field C
2022-11-03,16:15,Cow_1,0,0,0,15,30.1,Cloudy,Field C
2022-11-03,16:15,Cow_2,14,10,0,0,30.1,Cloudy,Field C
2022-11-03,16:15,Cow_3,6,6,3,0,30.1,Cloudy,Field B
2022-11-03,16:15,Cow_4,11,1,3,0,30.1,Cloudy,Field A
2022-11-03,16:15,Cow_5,13,7,0,0,30.1,Cloudy,Field C
2022-11-03,16:15,Cow_6,0,0,0,15,30.1,Cloudy,Field A
2022-11-03,16:15,Cow_7,0,0,0,15,30.1,Cloudy,Field C
2022-11-03,16:15,Cow_8,13,7,0,0,30.1,Cloudy,Field B
2022-11-03,16:15,Cow_9,0,8,7,0,30.1,Cloudy,Field C
2022-11-03,16:15,Cow_10,6,4,5,0,30.1,Cloudy,Field B
2022-11-03,16:15,Cow_11,11,3,1,0,30.1,Cloudy,Field B
2022-11-03,16:15,Cow_12,2,7,6,0,30.1,Cloudy,Field A
2022-11-03,16:15,Cow_13,9,0,8,0,30.1,Cloudy,Field B
2022-11-03,16:15,Cow_14,8,0,8,0,30.1,Cloudy,Field A
2022-11-03,16:15,Cow_15,12,0,7,0,30.1,Cloudy,Field B
2022-11-03,16:15,Cow_16,5,5,5,0,30.1,Cloudy,Field B
2022-11-03,16:15,Cow_17,3,9,3,0,30.1,Cloudy,Field C
2022-11-03,16:15,Cow_18,14,0,8,0,30.1,Cloudy,Field C
2022-11-03,16:15,Cow_19,14,5,0,0,30.1,Cloudy,Field C
2022-11-03,16:15,Cow_20,5,9,1,0,30.1,Cloudy,Field B
2022-11-03,16:15,Cow_21,4,8,3,0,30.1,Cloudy,Field A
2022-11-03,16:15,Cow_22,8,5,2,0,30.1,Cloudy,Field C
2022-11-03,16:15,Cow_23,6,4,5,0,30.1,Cloudy,Field B
2022-11-03,16:15,Cow_24,12,9,0,0,30.1,Cloudy,Field C
2022-11-03,16:15,Cow_25,6,4,5,0,30.1,Cloudy,Field C
2022-11-03,16:15,Cow_26,11,5,0,0,30.1,Cloudy,Field A
2022-11-03,16:15,Cow_27,11,10,0,0,30.1,Cloudy,Field B
2022-11-03,16:15,Cow_28,6,4,5,0,30.1,Cloudy,Field A
2022-11-03,16:15,Cow_29,5,8,2,0,30.1,Cloudy,Field B
2022-11-03,16:15,Cow_30,0,0,0,15,30.1,Cloudy,Field A
2022-11-03,16:15,Cow_31,10,2,3,0,30.1,Cloudy,Field B
2022-11-03,16:15,Cow_32,9,1,5,0,30.1,Cloudy,Field C
2022-11-03,16:15,Cow_33,6,8,1,0,30.1,Cloudy,Field C
2022-11-03,16:15,Cow_34,9,0,6,0,30.1,Cloudy,Field A
2022-11-03,16:15,Cow_35,10,9,0,0,30.1,Cloudy,Field C
2022-11-03,16:15,Cow_36,6,6,3,0,30.1,Cloudy,Field C
2022-11-03,16:15,Cow_37,10,8,0,0,30.1,Cloudy,Field A
2022-11-03,16:15,Cow_38,0,0,0,15,30.1,Cloudy,Field C
2022-11-03,16:15,Cow_39,6,5,4,0,30.1,Cloudy,Field C
2022-11-03,16:15,Cow_40,15,0,8,0,30.1,Cloudy,Field A
2022-11-03,16:15,Cow_41,6,9,0,0,30.1,Cloudy,Field C
2022-11-03,16:15,Cow_42,3,5,7,0,30.1,Cloudy,Field A
2022-11-03,16:15,Cow_43,8,2,5,0,30.1,Cloudy,Field C
2022-11-03,16:15,Cow_44,4,8,3,0,30.1,Cloudy,Field B
2022-11-03,16:15,Cow_45,5,7,3,0,30.1,Cloudy,Field A
2022-11-03,16:15,Cow_46,6,5,4,0,30.1,Cloudy,Field C
2022-11-03,16:15,Cow_47,7,6,2,0,30.1,Cloudy,Field C
2022-11-03,16:15,Cow_48,8,7,0,0,30.1,Cloudy,Field B
2022-11-03,16:15,Cow_49,14,0,5,0,30.1,Cloudy,Field A
2022-11-03,16:30,Cow_1,12,0,3,0,34.0,Clear,Field B
2022-11-03,16:30,Cow_2,7,4,4,0,34.0,Clear,Field A
2022-11-03,16:30,Cow_3,0,0,0,15,34.0,Clear,Field A
2022-11-03,16:30,Cow_4,11,0,8,0,34.0,Clear,Field A
2022-11-03,16:30,Cow_5,0,0,0,15,34.0,Clear,Field A
2022-11-03,16:30,Cow_6,0,12,6,0,34.0,Clear,Field B
2022-11-03,16:30,Cow_7,8,7,0,0,34.0,Clear,Field C
2022-11-03,16:30,Cow_8,13,5,0,0,34.0,Clear,Field C
2022-11-03,16:30,Cow_9,8,9,0,0,34.0,Clear,Field A
2022-11-03,16:30,Cow_10,0,0,0,15,34.0,Clear,Field A
2022-11-03,16:30,Cow_11,6,5,4,0,34.0,Clear,Field C
2022-11-03,16:30,Cow_12,5,6,4,0,34.0,Clear,Field C
2022-11-03,16:30,Cow_13,13,4,0,0,34.0,Clear,Field B
2022-11-03,16:30,Cow_14,4,4,7,0,34.0,Clear,Field B
2022-11-03,16:30,Cow_15,7,11,0,0,34.0,Clear,Field B
2022-11-03,16:30,Cow_16,0,0,0,15,34.0,Clear,Field C
2022-11-03,16:30,Cow_17,5,4,6,0,34.0,Clear,Field A
2022-11-03,16:30,Cow_18,14,7,0,0,34.0,Clear,Field C
2022-11-03,16:30,Cow_19,10,3,2,0,34.0,Clear,Field A
2022-11-03,16:30,Cow_20,2,7,6,0,34.0,Clear,Field B
2022-11-03,16:30,Cow_21,10,1,4,0,34.0,Clear,Field A
2022-11-03,16:30,Cow_22,15,0,10,0,34.0,Clear,Field B
2022-11-03,16:30,Cow_23,9,4,2,0,34.0,Clear,Field B
2022-11-03,16:30,Cow_24,6,3,6,0,34.0,Clear,Field B
2022-11-03,16:30,Cow_25,8,5,2,0,34.0,Clear,Field C
2022-11-03,16:30,Cow_26,2,7,6,0,34.0,Clear,Field B
2022-11-03,16:30,Cow_27,3,6,6,0,34.0,Clear,Field C
2022-11-03,16:30,Cow_28,10,5,0,0,34.0,Clear,Field C
2022-11-03,16:30,Cow_29,11,1,3,0,34.0,Clear,Field B
2022-11-03,16:30,Cow_30,8,0,8,0,34.0,Clear,Field C
2022-11-03,16:30,Cow_31,10,9,0,0,34.0,Clear,Field B
2022-11-03,16:30,Cow_32,10,4,1,0,34.0,Clear,Field B
2022-11-03,16:30,Cow_33,10,5,0,0,34.0,Clear,Field A
2022-11-03,16:30,Cow_34,7,1,7,0,34.0,Clear,Field B
2022-11-03,16:30,Cow_35,10,10,0,0,34.0,Clear,Field A
2022-11-03,16:30,Cow_36,13,0,8,0,34.0,Clear,Field B
2022-11-03,16:30,Cow_37,3,4,8,0,34.0,Clear,Field B
2022-11-03,16:30,Cow_38,0,9,6,0,34.0,Clear,Field B
2022-11-03,16:30,Cow_39,9,8,0,0,34.0,Clear,Field C
2022-11-03,16:30,Cow_40,3,5,7,0,34.0,Clear,Field A
2022-11-03,16:30,Cow_41,7,4,4,0,34.0,Clear,Field C
2022-11-03,16:30,Cow_42,13,12,0,0,34.0,Clear,Field B
2022-11-03,16:30,Cow_43,0,0,0,15,34.0,Clear,Field C
2022-11-03,16:30,Cow_44,12,0,5,0,34.0,Clear,Field B
2022-11-03,16:30,Cow_45,3,5,7,0,34.0,Clear,Field A
2022-11-03,16:30,Cow_46,4,3,8,0,34.0,Clear,Field C
2022-11-03,16:30,Cow_47,9,6,0,0,34.0,Clear,Field A
2022-11-03,16:30,Cow_48,12,7,0,0,34.0,Clear,Field B
2022-11-03,16:30,Cow_49,9,6,0,0,34.0,Clear,Field C
2022-11-03,16:45,Cow_1,10,8,0,0,32.7,Sunny,Field A
2022-11-03,16:45,Cow_2,4,4,7,0,32.7,Sunny,Field A
2022-11-03,16:45,Cow_3,12,9,0,0,32.7,Sunny,Field B
2022-11-03,16:45,Cow_4,0,0,0,15,32.7,Sunny,Field C
2022-11-03,16:45,Cow_5,14,0,6,0,32.7,Sunny,Field B
2022-11-03,16:45,Cow_6,13,0,7,0,32.7,Sunny,Field C
2022-11-03,16:45,Cow_7,1,7,7,0,32.7,Sunny,Field C
2022-11-03,16:45,Cow_8,6,5,4,0,32.7,Sunny,Field C
2022-11-03,16:45,Cow_9,9,6,0,0,32.7,Sunny,Field C
2022-11-03,16:45,Cow_10,11,4,0,0,32.7,Sunny,Field B
2022-11-03,16:45,Cow_11,14,4,0,0,32.7,Sunny,Field A
2022-11-03,16:45,Cow_12,9,0,9,0,32.7,Sunny,Field A
2022-11-03,16:45,Cow_13,4,4,7,0,32.7,Sunny,Field C
2022-11-03,16:45,Cow_14,12,6,0,0,32.7,Sunny,Field C
2022-11-03,16:45,Cow_15,9,11,0,0,32.7,Sunny,Field C
2022-11-03,16:45,Cow_16,0,8,10,0,32.7,Sunny,Field B
2022-11-03,16:45,Cow_17,10,5,0,0,32.7,Sunny,Field A
2022-11-03,16:45,Cow_18,5,5,5,0,32.7,Sunny,Field C
2022-11-03,16:45,Cow_19,15,0,5,0,32.7,Sunny,Field B
2022-11-03,16:45,Cow_20,7,3,5,0,32.7,Sunny,Field B
2022-11-03,16:45,Cow_21,5,4,6,0,32.7,Sunny,Field A
2022-11-03,16:45,Cow_22,10,9,0,0,32.7,Sunny,Field B
2022-11-03,16:45,Cow_23,1,6,8,0,32.7,Sunny,Field C
2022-11-03,16:45,Cow_24,10,0,7,0,32.7,Sunny,Field B
2022-11-03,16:45,Cow_25,3,4,8,0,32.7,Sunny,Field B
2022-11-03,16:45,Cow_26,13,0,8,0,32.7,Sunny,Field C
2022-11-03,16:45,Cow_27,0,10,9,0,32.7,Sunny,Field A
2022-11-03,16:45,Cow_28,0,0,0,15,32.7,Sunny,Field A
2022-11-03,16:45,Cow_29,5,3,7,0,32.7,Sunny,Field B
2022-11-03,16:45,Cow_30,6,8,1,0,32.7,Sunny,Field B
2022-11-03,16:45,Cow_31,8,4,3,0,32.7,Sunny,Field C
2022-11-03,16:45,Cow_32,0,0,0,15,32.7,Sunny,Field C
2022-11-03,16:45,Cow_33,13,0,5,0,32.7,Sunny,Field C
2022-11-03,16:45,Cow_34,0,0,0,15,32.7,Sunny,Field A
2022-11-03,16:45,Cow_35,5,5,5,0,32.7,Sunny,Field B
2022-11-03,16:45,Cow_36,7,8,0,0,32.7,Sunny,Field C
2022-11-03,16:45,Cow_37,11,0,7,0,32.7,Sunny,Field C
2022-11-03,16:45,Cow_38,0,0,0,15,32.7,Sunny,Field A
2022-11-03,16:45,Cow_39,2,9,4,0,32.7,Sunny,Field C
2022-11-03,16:45,Cow_40,5,7,3,0,32.7,Sunny,Field B
2022-11-03,16:45,Cow_41,0,9,8,0,32.7,Sunny,Field C
2022-11-03,16:45,Cow_42,5,8,2,0,32.7,Sunny,Field A
2022-11-03,16:45,Cow_43,9,3,3,0,32.7,Sunny,Field C
2022-11-03,16:45,Cow_44,1,10,4,0,32.7,Sunny,Field B
2022-11-03,16:45,Cow_45,7,5,3,0,32.7,Sunny,Field C
2022-11-03,16:45,Cow_46,14,0,8,0,32.7,Sunny,Field C
2022-11-03,16:45,Cow_47,1,9,5,0,32.7,Sunny,Field C
2022-11-03,16:45,Cow_48,7,2,6,0,32.7,Sunny,Field A
2022-11-03,16:45,Cow_49,0,0,0,15,32.7,Sunny,Field B
2022-11-03,17:00,Cow_1,0,8,8,0,27.4,Cloudy,Field C
2022-11-03,17:00,Cow_2,7,3,5,0,27.4,Cloudy,Field A
2022-11-03,17:00,Cow_3,2,6,7,0,27.4,Cloudy,Field A
2022-11-03,17:00,Cow_4,9,7,0,0,27.4,Cloudy,Field C
2022-11-03,17:00,Cow_5,7,8,0,0,27.4,Cloudy,Field B
2022-11-03,17:00,Cow_6,2,6,7,0,27.4,Cloudy,Field C
2022-11-03,17:00,Cow_7,6,3,6,0,27.4,Cloudy,Field B
2022-11-03,17:00,Cow_8,11,9,0,0,27.4,Cloudy,Field C
2022-11-03,17:00,Cow_9,13,0,3,0,27.4,Cloudy,Field A
2022-11-03,17:00,Cow_10,4,8,3,0,27.4,Cloudy,Field B
2022-11-03,17:00,Cow_11,14,7,0,0,27.4,Cloudy,Field C
2022-11-03,17:00,Cow_12,13,10,0,0,27.4,Cloudy,Field A
2022-11-03,17:00,Cow_13,5,3,7,0,27.4,Cloudy,Field B
2022-11-03,17:00,Cow_14,13,7,0,0,27.4,Cloudy,Field A
2022-11-03,17:00,Cow_15,14,10,0,0,27.4,Cloudy,Field B
2022-11-03,17:00,Cow_16,9,12,0,0,27.4,Cloudy,Field B
2022-11-03,17:00,Cow_17,12,0,8,0,27.4,Cloudy,Field C
2022-11-03,17:00,Cow_18,7,7,1,0,27.4,Cloudy,Field C
2022-11-03,17:00,Cow_19,1,12,2,0,27.4,Cloudy,Field C
2022-11-03,17:00,Cow_20,2,7,6,0,27.4,Cloudy,Field C
2022-11-03,17:00,Cow_21,2,7,6,0,27.4,Cloudy,Field B
2022-11-03,17:00,Cow_22,8,7,0,0,27.4,Cloudy,Field C
2022-11-03,17:00,Cow_23,12,9,0,0,27.4,Cloudy,Field A
2022-11-03,17:00,Cow_24,1,10,4,0,27.4,Cloudy,Field C
2022-11-03,17:00,Cow_25,10,0,8,0,27.4,Cloudy,Field C
2022-11-03,17:00,Cow_26,6,6,3,0,27.4,Cloudy,Field A
2022-11-03,17:00,Cow_27,13,12,0,0,27.4,Cloudy,Field B
2022-11-03,17:00,Cow_28,12,4,0,0,27.4,Cloudy,Field C
2022-11-03,17:00,Cow_29,6,4,5,0,27.4,Cloudy,Field B
2022-11-03,17:00,Cow_30,12,0,7,0,27.4,Cloudy,Field A
2022-11-03,17:00,Cow_31,12,0,7,0,27.4,Cloudy,Field A
2022-11-03,17:00,Cow_32,6,6,3,0,27.4,Cloudy,Field C
2022-11-03,17:00,Cow_33,14,0,8,0,27.4,Cloudy,Field A
2022-11-03,17:00,Cow_34,8,4,3,0,27.4,Cloudy,Field A
2022-11-03,17:00,Cow_35,10,0,8,0,27.4,Cloudy,Field C
2022-11-03,17:00,Cow_36,14,6,0,0,27.4,Cloudy,Field A
2022-11-03,17:00,Cow_37,9,4,2,0,27.4,Cloudy,Field C
2022-11-03,17:00,Cow_38,12,0,4,0,27.4,Cloudy,Field B
2022-11-03,17:00,Cow_39,5,5,5,0,27.4,Cloudy,Field C
2022-11-03,17:00,Cow_40,3,5,7,0,27.4,Cloudy,Field B
2022-11-03,17:00,Cow_41,0,0,0,15,27.4,Cloudy,Field C
2022-11-03,17:00,Cow_42,6,0,9,0,27.4,Cloudy,Field B
2022-11-03,17:00,Cow_43,10,5,0,0,27.4,Cloudy,Field C
2022-11-03,17:00,Cow_44,5,9,1,0,27.4,Cloudy,Field B
2022-11-03,17:00,Cow_45,14,5,0,0,27.4,Cloudy,Field B
2022-11-03,17:00,Cow_46,4,4,7,0,27.4,Cloudy,Field A
2022-11-03,17:00,Cow_47,5,5,5,0,27.4,Cloudy,Field B
2022-11-03,17:00,Cow_48,4,5,6,0,27.4,Cloudy,Field B
2022-11-03,17:00,Cow_49,3,6,6,0,27.4,Cloudy,Field C
2022-11-03,17:15,Cow_1,13,0,3,0,33.8,Clear,Field A
2022-11-03,17:15,Cow_2,0,8,7,0,33.8,Clear,Field A
2022-11-03,17:15,Cow_3,0,0,0,15,33.8,Clear,Field A
2022-11-03,17:15,Cow_4,14,8,0,0,33.8,Clear,Field C
2022-11-03,17:15,Cow_5,6,3,6,0,33.8,Clear,Field B
2022-11-03,17:15,Cow_6,8,5,2,0,33.8,Clear,Field B
2022-11-03,17:15,Cow_7,10,5,0,0,33.8,Clear,Field B
2022-11-03,17:15,Cow_8,12,8,0,0,33.8,Clear,Field B
2022-11-03,17:15,Cow_9,10,0,7,0,33.8,Clear,Field A
2022-11-03,17:15,Cow_10,6,2,7,0,33.8,Clear,Field A
2022-11-03,17:15,Cow_11,4,6,5,0,33.8,Clear,Field A
2022-11-03,17:15,Cow_12,0,11,10,0,33.8,Clear,Field C
2022-11-03,17:15,Cow_13,10,3,2,0,33.8,Clear,Field B
2022-11-03,17:15,Cow_14,12,0,8,0,33.8,Clear,Field B
2022-11-03,17:15,Cow_15,7,4,4,0,33.8,Clear,Field B
2022-11-03,17:15,Cow_16,0,7,9,0,33.8,Clear,Field B
2022-11-03,17:15,Cow_17,8,3,4,0,33.8,Clear,Field B
2022-11-03,17:15,Cow_18,11,5,0,0,33.8,Clear,Field A
2022-11-03,17:15,Cow_19,10,0,8,0,33.8,Clear,Field A
2022-11-03,17:15,Cow_20,14,7,0,0,33.8,Clear,Field C
2022-11-03,17:15,Cow_21,5,3,7,0,33.8,Clear,Field A
2022-11-03,17:15,Cow_22,13,0,10,0,33.8,Clear,Field B
2022-11-03,17:15,Cow_23,11,0,4,0,33.8,Clear,Field B
2022-11-03,17:15,Cow_24,11,0,6,0,33.8,Clear,Field B
2022-11-03,17:15,Cow_25,0,8,7,0,33.8,Clear,Field A
2022-11-03,17:15,Cow_26,9,0,8,0,33.8,Clear,Field B
2022-11-03,17:15,Cow_27,0,12,8,0,33.8,Clear,Field C
2022-11-03,17:15,Cow_28,0,10,8,0,33.8,Clear,Field C
2022-11-03,17:15,Cow_29,12,8,0,0,33.8,Clear,Field B
2022-11-03,17:15,Cow_30,1,7,7,0,33.8,Clear,Field B
2022-11-03,17:15,Cow_31,5,10,0,0,33.8,Clear,Field A
2022-11-03,17:15,Cow_32,8,1,6,0,33.8,Clear,Field B
2022-11-03,17:15,Cow_33,10,5,0,0,33.8,Clear,Field A
2022-11-03,17:15,Cow_34,0,10,8,0,33.8,Clear,Field A
2022-11-03,17:15,Cow_35,9,9,0,0,33.8,Clear,Field A
2022-11-03,17:15,Cow_36,10,1,4,0,33.8,Clear,Field C
2022-11-03,17:15,Cow_37,6,1,8,0,33.8,Clear,Field C
2022-11-03,17:15,Cow_38,11,7,0,0,33.8,Clear,Field A
2022-11-03,17:15,Cow_39,15,0,3,0,33.8,Clear,Field C
2022-11-03,17:15,Cow_40,9,3,3,0,33.8,Clear,Field A
2022-11-03,17:15,Cow_41,12,0,4,0,33.8,Clear,Field B
2022-11-03,17:15,Cow_42,5,3,7,0,33.8,Clear,Field A
2022-11-03,17:15,Cow_43,4,3,8,0,33.8,Clear,Field B
2022-11-03,17:15,Cow_44,14,3,0,0,33.8,Clear,Field B
2022-11-03,17:15,Cow_45,0,8,8,0,33.8,Clear,Field B
2022-11-03,17:15,Cow_46,5,2,8,0,33.8,Clear,Field A
2022-11-03,17:15,Cow_47,5,7,3,0,33.8,Clear,Field B
2022-11-03,17:15,Cow_48,8,7,0,0,33.8,Clear,Field C
2022-11-03,17:15,Cow_49,0,10,7,0,33.8,Clear,Field C
2022-11-03,17:30,Cow_1,9,10,0,0,31.3,Sunny,Field C
2022-11-03,17:30,Cow_2,11,0,7,0,31.3,Sunny,Field B
2022-11-03,17:30,Cow_3,13,0,7,0,31.3,Sunny,Field A
2022-11-03,17:30,Cow_4,1,8,6,0,31.3,Sunny,Field B
2022-11-03,17:30,Cow_5,6,1,8,0,31.3,Sunny,Field A
2022-11-03,17:30,Cow_6,0,7,8,0,31.3,Sunny,Field B
2022-11-03,17:30,Cow_7,0,10,5,0,31.3,Sunny,Field C
2022-11-03,17:30,Cow_8,2,3,10,0,31.3,Sunny,Field B
2022-11-03,17:30,Cow_9,10,3,2,0,31.3,Sunny,Field C
2022-11-03,17:30,Cow_10,6,5,4,0,31.3,Sunny,Field A
2022-11-03,17:30,Cow_11,5,5,5,0,31.3,Sunny,Field C
2022-11-03,17:30,Cow_12,6,12,0,0,31.3,Sunny,Field B
2022-11-03,17:30,Cow_13,14,6,0,0,31.3,Sunny,Field C
2022-11-03,17:30,Cow_14,2,9,4,0,31.3,Sunny,Field A
2022-11-03,17:30,Cow_15,4,3,8,0,31.3,Sunny,Field A
2022-11-03,17:30,Cow_16,10,10,0,0,31.3,Sunny,Field A
2022-11-03,17:30,Cow_17,5,6,4,0,31.3,Sunny,Field C
2022-11-03,17:30,Cow_18,2,10,3,0,31.3,Sunny,Field B
2022-11-03,17:30,Cow_19,8,11,0,0,31.3,Sunny,Field B
2022-11-03,17:30,Cow_20,8,0,8,0,31.3,Sunny,Field A
2022-11-03,17:30,Cow_21,2,7,6,0,31.3,Sunny,Field B
2022-11-03,17:30,Cow_22,3,10,2,0,31.3,Sunny,Field B
2022-11-03,17:30,Cow_23,5,6,4,0,31.3,Sunny,Field B
2022-11-03,17:30,Cow_24,14,3,0,0,31.3,Sunny,Field A
2022-11-03,17:30,Cow_25,6,4,5,0,31.3,Sunny,Field A
2022-11-03,17:30,Cow_26,8,2,5,0,31.3,Sunny,Field B
2022-11-03,17:30,Cow_27,14,0,4,0,31.3,Sunny,Field C
2022-11-03,17:30,Cow_28,9,0,7,0,31.3,Sunny,Field B
2022-11-03,17:30,Cow_29,9,7,0,0,31.3,Sunny,Field B
2022-11-03,17:30,Cow_30,14,10,0,0,31.3,Sunny,Field C
2022-11-03,17:30,Cow_31,5,4,6,0,31.3,Sunny,Field C
2022-11-03,17:30,Cow_32,0,7,9,0,31.3,Sunny,Field C
2022-11-03,17:30,Cow_33,13,3,0,0,31.3,Sunny,Field B
2022-11-03,17:30,Cow_34,13,0,5,0,31.3,Sunny,Field B
2022-11-03,17:30,Cow_35,6,10,0,0,31.3,Sunny,Field B
2022-11-03,17:30,Cow_36,13,0,8,0,31.3,Sunny,Field C
2022-11-03,17:30,Cow_37,2,9,4,0,31.3,Sunny,Field A
2022-11-03,17:30,Cow_38,8,3,4,0,31.3,Sunny,Field A
2022-11-03,17:30,Cow_39,6,11,0,0,31.3,Sunny,Field A
2022-11-03,17:30,Cow_40,6,6,3,0,31.3,Sunny,Field B
2022-11-03,17:30,Cow_41,11,10,0,0,31.3,Sunny,Field A
2022-11-03,17:30,Cow_42,14,9,0,0,31.3,Sunny,Field B
2022-11-03,17:30,Cow_43,2,5,8,0,31.3,Sunny,Field C
2022-11-03,17:30,Cow_44,12,6,0,0,31.3,Sunny,Field C
2022-11-03,17:30,Cow_45,7,6,2,0,31.3,Sunny,Field B
2022-11-03,17:30,Cow_46,5,5,5,0,31.3,Sunny,Field B
2022-11-03,17:30,Cow_47,7,3,5,0,31.3,Sunny,Field C
2022-11-03,17:30,Cow_48,0,0,0,15,31.3,Sunny,Field B
2022-11-03,17:30,Cow_49,13,9,0,0,31.3,Sunny,Field C
2022-11-03,17:45,Cow_1,5,7,3,0,24.7,Cloudy,Field B
2022-11-03,17:45,Cow_2,10,3,2,0,24.7,Cloudy,Field C
2022-11-03,17:45,Cow_3,4,3,8,0,24.7,Cloudy,Field C
2022-11-03,17:45,Cow_4,2,7,6,0,24.7,Cloudy,Field A
2022-11-03,17:45,Cow_5,6,6,3,0,24.7,Cloudy,Field A
2022-11-03,17:45,Cow_6,15,0,9,0,24.7,Cloudy,Field B
2022-11-03,17:45,Cow_7,6,6,3,0,24.7,Cloudy,Field A
2022-11-03,17:45,Cow_8,5,7,3,0,24.7,Cloudy,Field C
2022-11-03,17:45,Cow_9,5,3,7,0,24.7,Cloudy,Field C
2022-11-03,17:45,Cow_10,6,3,6,0,24.7,Cloudy,Field C
2022-11-03,17:45,Cow_11,13,3,0,0,24.7,Cloudy,Field B
2022-11-03,17:45,Cow_12,2,5,8,0,24.7,Cloudy,Field A
2022-11-03,17:45,Cow_13,0,0,0,15,24.7,Cloudy,Field B
2022-11-03,17:45,Cow_14,7,5,3,0,24.7,Cloudy,Field C
2022-11-03,17:45,Cow_15,0,10,10,0,24.7,Cloudy,Field C
2022-11-03,17:45,Cow_16,12,1,2,0,24.7,Cloudy,Field A
2022-11-03,17:45,Cow_17,3,5,7,0,24.7,Cloudy,Field A
2022-11-03,17:45,Cow_18,5,4,6,0,24.7,Cloudy,Field A
2022-11-03,17:45,Cow_19,9,0,8,0,24.7,Cloudy,Field C
2022-11-03,17:45,Cow_20,2,9,4,0,24.7,Cloudy,Field B
2022-11-03,17:45,Cow_21,9,0,8,0,24.7,Cloudy,Field B
2022-11-03,17:45,Cow_22,14,8,0,0,24.7,Cloudy,Field A
2022-11-03,17:45,Cow_23,11,6,0,0,24.7,Cloudy,Field A
2022-11-03,17:45,Cow_24,1,10,4,0,24.7,Cloudy,Field B
2022-11-03,17:45,Cow_25,12,5,0,0,24.7,Cloudy,Field B
2022-11-03,17:45,Cow_26,8,4,3,0,24.7,Cloudy,Field A
2022-11-03,17:45,Cow_27,8,5,2,0,24.7,Cloudy,Field B
2022-11-03,17:45,Cow_28,5,9,1,0,24.7,Cloudy,Field B
2022-11-03,17:45,Cow_29,0,8,8,0,24.7,Cloudy,Field A
2022-11-03,17:45,Cow_30,7,3,5,0,24.7,Cloudy,Field B
2022-11-03,17:45,Cow_31,14,4,0,0,24.7,Cloudy,Field A
2022-11-03,17:45,Cow_32,15,0,2,0,24.7,Cloudy,Field B
2022-11-03,17:45,Cow_33,0,8,7,0,24.7,Cloudy,Field B
2022-11-03,17:45,Cow_34,6,9,0,0,24.7,Cloudy,Field A
2022-11-03,17:45,Cow_35,3,4,8,0,24.7,Cloudy,Field B
2022-11-03,17:45,Cow_36,14,9,0,0,24.7,Cloudy,Field C
2022-11-03,17:45,Cow_37,6,3,6,0,24.7,Cloudy,Field C
2022-11-03,17:45,Cow_38,8,3,4,0,24.7,Cloudy,Field A
2022-11-03,17:45,Cow_39,0,11,9,0,24.7,Cloudy,Field C
2022-11-03,17:45,Cow_40,7,4,4,0,24.7,Cloudy,Field C
2022-11-03,17:45,Cow_41,3,4,8,0,24.7,Cloudy,Field A
2022-11-03,17:45,Cow_42,12,0,7,0,24.7,Cloudy,Field A
2022-11-03,17:45,Cow_43,4,5,6,0,24.7,Cloudy,Field C
2022-11-03,17:45,Cow_44,9,0,7,0,24.7,Cloudy,Field C
2022-11-03,17:45,Cow_45,10,1,4,0,24.7,Cloudy,Field C
2022-11-03,17:45,Cow_46,5,3,7,0,24.7,Cloudy,Field C
2022-11-03,17:45,Cow_47,6,4,5,0,24.7,Cloudy,Field B
2022-11-03,17:45,Cow_48,0,9,6,0,24.7,Cloudy,Field C
2022-11-03,17:45,Cow_49,13,8,0,0,24.7,Cloudy,Field C
2022-11-03,18:00,Cow_1,8,10,0,0,28.9,Clear,Field A
2022-11-03,18:00,Cow_2,3,6,6,0,28.9,Clear,Field C
2022-11-03,18:00,Cow_3,5,5,5,0,28.9,Clear,Field A
2022-11-03,18:00,Cow_4,6,5,4,0,28.9,Clear,Field C
2022-11-03,18:00,Cow_5,0,0,0,15,28.9,Clear,Field B
2022-11-03,18:00,Cow_6,8,5,2,0,28.9,Clear,Field B
2022-11-03,18:00,Cow_7,7,7,1,0,28.9,Clear,Field A
2022-11-03,18:00,Cow_8,9,3,3,0,28.9,Clear,Field B
2022-11-03,18:00,Cow_9,6,4,5,0,28.9,Clear,Field C
2022-11-03,18:00,Cow_10,10,0,6,0,28.9,Clear,Field B
2022-11-03,18:00,Cow_11,2,7,6,0,28.9,Clear,Field A
2022-11-03,18:00,Cow_12,5,6,4,0,28.9,Clear,Field A
2022-11-03,18:00,Cow_13,12,0,5,0,28.9,Clear,Field A
2022-11-03,18:00,Cow_14,10,9,0,0,28.9,Clear,Field B
2022-11-03,18:00,Cow_15,8,5,2,0,28.9,Clear,Field B
2022-11-03,18:00,Cow_16,13,9,0,0,28.9,Clear,Field C
2022-11-03,18:00,Cow_17,0,10,8,0,28.9,Clear,Field C
2022-11-03,18:00,Cow_18,11,0,5,0,28.9,Clear,Field C
2022-11-03,18:00,Cow_19,7,0,10,0,28.9,Clear,Field A
2022-11-03,18:00,Cow_20,14,9,0,0,28.9,Clear,Field C
2022-11-03,18:00,Cow_21,11,0,4,0,28.9,Clear,Field B
2022-11-03,18:00,Cow_22,15,0,5,0,28.9,Clear,Field A
2022-11-03,18:00,Cow_23,13,0,7,0,28.9,Clear,Field C
2022-11-03,18:00,Cow_24,8,9,0,0,28.9,Clear,Field A
2022-11-03,18:00,Cow_25,13,0,6,0,28.9,Clear,Field B
2022-11-03,18:00,Cow_26,13,0,7,0,28.9,Clear,Field A
2022-11-03,18:00,Cow_27,0,11,6,0,28.9,Clear,Field A
2022-11-03,18:00,Cow_28,11,1,3,0,28.9,Clear,Field B
2022-11-03,18:00,Cow_29,9,10,0,0,28.9,Clear,Field C
2022-11-03,18:00,Cow_30,10,4,1,0,28.9,Clear,Field C
2022-11-03,18:00,Cow_31,0,10,7,0,28.9,Clear,Field C
2022-11-03,18:00,Cow_32,0,12,9,0,28.9,Clear,Field B
2022-11-03,18:00,Cow_33,9,0,8,0,28.9,Clear,Field A
2022-11-03,18:00,Cow_34,12,0,3,0,28.9,Clear,Field B
2022-11-03,18:00,Cow_35,3,4,8,0,28.9,Clear,Field A
2022-11-03,18:00,Cow_36,11,0,5,0,28.9,Clear,Field A
2022-11-03,18:00,Cow_37,8,6,1,0,28.9,Clear,Field C
2022-11-03,18:00,Cow_38,0,9,7,0,28.9,Clear,Field C
2022-11-03,18:00,Cow_39,15,11,0,0,28.9,Clear,Field B
2022-11-03,18:00,Cow_40,7,5,3,0,28.9,Clear,Field A
2022-11-03,18:00,Cow_41,11,7,0,0,28.9,Clear,Field C
2022-11-03,18:00,Cow_42,15,10,0,0,28.9,Clear,Field A
2022-11-03,18:00,Cow_43,5,8,2,0,28.9,Clear,Field C
2022-11-03,18:00,Cow_44,14,9,0,0,28.9,Clear,Field B
2022-11-03,18:00,Cow_45,14,0,5,0,28.9,Clear,Field C
2022-11-03,18:00,Cow_46,9,0,6,0,28.9,Clear,Field C
2022-11-03,18:00,Cow_47,7,8,0,0,28.9,Clear,Field B
2022-11-03,18:00,Cow_48,10,10,0,0,28.9,Clear,Field C
2022-11-03,18:00,Cow_49,11,7,0,0,28.9,Clear,Field B
2022-11-03,18:15,Cow_1,6,4,5,0,30.7,Rainy,Field C
2022-11-03,18:15,Cow_2,8,3,4,0,30.7,Rainy,Field C
2022-11-03,18:15,Cow_3,6,4,5,0,30.7,Rainy,Field A
2022-11-03,18:15,Cow_4,10,9,0,0,30.7,Rainy,Field C
2022-11-03,18:15,Cow_5,5,3,7,0,30.7,Rainy,Field C
2022-11-03,18:15,Cow_6,0,0,0,15,30.7,Rainy,Field A
2022-11-03,18:15,Cow_7,6,2,7,0,30.7,Rainy,Field B
2022-11-03,18:15,Cow_8,3,7,5,0,30.7,Rainy,Field B
2022-11-03,18:15,Cow_9,0,10,7,0,30.7,Rainy,Field B
2022-11-03,18:15,Cow_10,0,0,0,15,30.7,Rainy,Field C
2022-11-03,18:15,Cow_11,3,4,8,0,30.7,Rainy,Field B
2022-11-03,18:15,Cow_12,15,0,5,0,30.7,Rainy,Field A
2022-11-03,18:15,Cow_13,4,7,4,0,30.7,Rainy,Field A
2022-11-03,18:15,Cow_14,10,0,5,0,30.7,Rainy,Field A
2022-11-03,18:15,Cow_15,12,11,0,0,30.7,Rainy,Field A
2022-11-03,18:15,Cow_16,13,0,9,0,30.7,Rainy,Field A
2022-11-03,18:15,Cow_17,7,4,4,0,30.7,Rainy,Field B
2022-11-03,18:15,Cow_18,11,8,0,0,30.7,Rainy,Field A
2022-11-03,18:15,Cow_19,11,0,8,0,30.7,Rainy,Field A
2022-11-03,18:15,Cow_20,13,0,5,0,30.7,Rainy,Field B
2022-11-03,18:15,Cow_21,8,3,4,0,30.7,Rainy,Field C
2022-11-03,18:15,Cow_22,6,11,0,0,30.7,Rainy,Field C
2022-11-03,18:15,Cow_23,5,9,1,0,30.7,Rainy,Field B
2022-11-03,18:15,Cow_24,5,4,6,0,30.7,Rainy,Field C
2022-11-03,18:15,Cow_25,12,6,0,0,30.7,Rainy,Field B
2022-11-03,18:15,Cow_26,0,0,0,15,30.7,Rainy,Field A
2022-11-03,18:15,Cow_27,14,9,0,0,30.7,Rainy,Field A
2022-11-03,18:15,Cow_28,10,2,3,0,30.7,Rainy,Field A
2022-11-03,18:15,Cow_29,9,3,3,0,30.7,Rainy,Field B
2022-11-03,18:15,Cow_30,0,10,8,0,30.7,Rainy,Field A
2022-11-03,18:15,Cow_31,14,0,3,0,30.7,Rainy,Field C
2022-11-03,18:15,Cow_32,0,0,0,15,30.7,Rainy,Field C
2022-11-03,18:15,Cow_33,11,5,0,0,30.7,Rainy,Field A
2022-11-03,18:15,Cow_34,5,4,6,0,30.7,Rainy,Field B
2022-11-03,18:15,Cow_35,14,0,8,0,30.7,Rainy,Field A
2022-11-03,18:15,Cow_36,13,8,0,0,30.7,Rainy,Field B
2022-11-03,18:15,Cow_37,10,1,4,0,30.7,Rainy,Field B
2022-11-03,18:15,Cow_38,6,4,5,0,30.7,Rainy,Field A
2022-11-03,18:15,Cow_39,15,0,6,0,30.7,Rainy,Field A
2022-11-03,18:15,Cow_40,12,1,2,0,30.7,Rainy,Field B
2022-11-03,18:15,Cow_41,0,10,6,0,30.7,Rainy,Field A
2022-11-03,18:15,Cow_42,5,6,4,0,30.7,Rainy,Field A
2022-11-03,18:15,Cow_43,10,0,7,0,30.7,Rainy,Field A
2022-11-03,18:15,Cow_44,0,10,5,0,30.7,Rainy,Field A
2022-11-03,18:15,Cow_45,0,10,5,0,30.7,Rainy,Field C
2022-11-03,18:15,Cow_46,6,7,2,0,30.7,Rainy,Field A
2022-11-03,18:15,Cow_47,8,5,2,0,30.7,Rainy,Field B
2022-11-03,18:15,Cow_48,0,10,6,0,30.7,Rainy,Field A
2022-11-03,18:15,Cow_49,5,5,5,0,30.7,Rainy,Field B
2022-11-03,18:30,Cow_1,0,0,0,15,31.8,Clear,Field C
2022-11-03,18:30,Cow_2,10,5,0,0,31.8,Clear,Field C
2022-11-03,18:30,Cow_3,6,4,5,0,31.8,Clear,Field C
2022-11-03,18:30,Cow_4,9,3,3,0,31.8,Clear,Field B
2022-11-03,18:30,Cow_5,8,5,2,0,31.8,Clear,Field A
2022-11-03,18:30,Cow_6,12,1,2,0,31.8,Clear,Field C
2022-11-03,18:30,Cow_7,9,3,3,0,31.8,Clear,Field B
2022-11-03,18:30,Cow_8,12,0,6,0,31.8,Clear,Field A
2022-11-03,18:30,Cow_9,13,0,4,0,31.8,Clear,Field A
2022-11-03,18:30,Cow_10,8,3,4,0,31.8,Clear,Field C
2022-11-03,18:30,Cow_11,14,0,5,0,31.8,Clear,Field C
2022-11-03,18:30,Cow_12,11,8,0,0,31.8,Clear,Field B
2022-11-03,18:30,Cow_13,12,0,8,0,31.8,Clear,Field A
2022-11-03,18:30,Cow_14,7,1,7,0,31.8,Clear,Field A
2022-11-03,18:30,Cow_15,7,6,2,0,31.8,Clear,Field C
2022-11-03,18:30,Cow_16,14,12,0,0,31.8,Clear,Field A
2022-11-03,18:30,Cow_17,1,9,5,0,31.8,Clear,Field A
2022-11-03,18:30,Cow_18,8,4,3,0,31.8,Clear,Field A
2022-11-03,18:30,Cow_19,14,12,0,0,31.8,Clear,Field A
2022-11-03,18:30,Cow_20,14,0,5,0,31.8,Clear,Field C
2022-11-03,18:30,Cow_21,14,0,5,0,31.8,Clear,Field B
2022-11-03,18:30,Cow_22,14,0,7,0,31.8,Clear,Field C
2022-11-03,18:30,Cow_23,14,7,0,0,31.8,Clear,Field A
2022-11-03,18:30,Cow_24,3,5,7,0,31.8,Clear,Field C
2022-11-03,18:30,Cow_25,10,10,0,0,31.8,Clear,Field B
2022-11-03,18:30,Cow_26,13,0,8,0,31.8,Clear,Field A
2022-11-03,18:30,Cow_27,0,10,10,0,31.8,Clear,Field A
2022-11-03,18:30,Cow_28,7,4,4,0,31.8,Clear,Field A
2022-11-03,18:30,Cow_29,7,5,3,0,31.8,Clear,Field A
2022-11-03,18:30,Cow_30,0,10,6,0,31.8,Clear,Field C
2022-11-03,18:30,Cow_31,7,7,1,0,31.8,Clear,Field B
2022-11-03,18:30,Cow_32,15,7,0,0,31.8,Clear,Field B
2022-11-03,18:30,Cow_33,2,10,3,0,31.8,Clear,Field C
2022-11-03,18:30,Cow_34,7,5,3,0,31.8,Clear,Field B
2022-11-03,18:30,Cow_35,0,9,7,0,31.8,Clear,Field C
2022-11-03,18:30,Cow_36,4,5,6,0,31.8,Clear,Field C
2022-11-03,18:30,Cow_37,7,3,5,0,31.8,Clear,Field A
2022-11-03,18:30,Cow_38,8,4,3,0,31.8,Clear,Field A
2022-11-03,18:30,Cow_39,13,7,0,0,31.8,Clear,Field C
2022-11-03,18:30,Cow_40,0,0,0,15,31.8,Clear,Field C
2022-11-03,18:30,Cow_41,0,10,5,0,31.8,Clear,Field A
2022-11-03,18:30,Cow_42,0,0,0,15,31.8,Clear,Field C
2022-11-03,18:30,Cow_43,14,3,0,0,31.8,Clear,Field C
2022-11-03,18:30,Cow_44,2,10,3,0,31.8,Clear,Field B
2022-11-03,18:30,Cow_45,9,7,0,0,31.8,Clear,Field B
2022-11-03,18:30,Cow_46,7,4,4,0,31.8,Clear,Field A
2022-11-03,18:30,Cow_47,5,5,5,0,31.8,Clear,Field B
2022-11-03,18:30,Cow_48,0,0,0,15,31.8,Clear,Field A
2022-11-03,18:30,Cow_49,0,0,0,15,31.8,Clear,Field B
2022-11-03,18:45,Cow_1,0,10,7,0,33.4,Sunny,Field A
2022-11-03,18:45,Cow_2,14,0,8,0,33.4,Sunny,Field B
2022-11-03,18:45,Cow_3,8,8,0,0,33.4,Sunny,Field A
2022-11-03,18:45,Cow_4,6,4,5,0,33.4,Sunny,Field B
2022-11-03,18:45,Cow_5,2,8,5,0,33.4,Sunny,Field B
2022-11-03,18:45,Cow_6,0,0,0,15,33.4,Sunny,Field B
2022-11-03,18:45,Cow_7,9,0,6,0,33.4,Sunny,Field C
2022-11-03,18:45,Cow_8,15,0,5,0,33.4,Sunny,Field A
2022-11-03,18:45,Cow_9,1,7,7,0,33.4,Sunny,Field C
2022-11-03,18:45,Cow_10,13,6,0,0,33.4,Sunny,Field B
2022-11-03,18:45,Cow_11,1,10,4,0,33.4,Sunny,Field B
2022-11-03,18:45,Cow_12,0,9,10,0,33.4,Sunny,Field A
2022-11-03,18:45,Cow_13,9,3,3,0,33.4,Sunny,Field B
2022-11-03,18:45,Cow_14,14,3,0,0,33.4,Sunny,Field C
2022-11-03,18:45,Cow_15,10,7,0,0,33.4,Sunny,Field C
2022-11-03,18:45,Cow_16,9,0,6,0,33.4,Sunny,Field B
2022-11-03,18:45,Cow_17,3,7,5,0,33.4,Sunny,Field B
2022-11-03,18:45,Cow_18,9,6,0,0,33.4,Sunny,Field B
2022-11-03,18:45,Cow_19,12,12,0,0,33.4,Sunny,Field C
2022-11-03,18:45,Cow_20,0,0,0,15,33.4,Sunny,Field C
2022-11-03,18:45,Cow_21,11,0,5,0,33.4,Sunny,Field B
2022-11-03,18:45,Cow_22,8,11,0,0,33.4,Sunny,Field B
2022-11-03,18:45,Cow_23,5,6,4,0,33.4,Sunny,Field B
2022-11-03,18:45,Cow_24,12,4,0,0,33.4,Sunny,Field A
2022-11-03,18:45,Cow_25,14,0,6,0,33.4,Sunny,Field C
2022-11-03,18:45,Cow_26,7,5,3,0,33.4,Sunny,Field B
2022-11-03,18:45,Cow_27,8,4,3,0,33.4,Sunny,Field A
2022-11-03,18:45,Cow_28,6,1,8,0,33.4,Sunny,Field C
2022-11-03,18:45,Cow_29,10,6,0,0,33.4,Sunny,Field B
2022-11-03,18:45,Cow_30,9,1,5,0,33.4,Sunny,Field A
2022-11-03,18:45,Cow_31,3,8,4,0,33.4,Sunny,Field C
2022-11-03,18:45,Cow_32,14,5,0,0,33.4,Sunny,Field A
2022-11-03,18:45,Cow_33,7,10,0,0,33.4,Sunny,Field B
2022-11-03,18:45,Cow_34,11,3,1,0,33.4,Sunny,Field C
2022-11-03,18:45,Cow_35,0,10,7,0,33.4,Sunny,Field C
2022-11-03,18:45,Cow_36,0,0,0,15,33.4,Sunny,Field B
2022-11-03,18:45,Cow_37,7,4,4,0,33.4,Sunny,Field B
2022-11-03,18:45,Cow_38,8,4,3,0,33.4,Sunny,Field A
2022-11-03,18:45,Cow_39,0,0,0,15,33.4,Sunny,Field B
2022-11-03,18:45,Cow_40,0,10,6,0,33.4,Sunny,Field B
2022-11-03,18:45,Cow_41,8,4,3,0,33.4,Sunny,Field C
2022-11-03,18:45,Cow_42,7,6,2,0,33.4,Sunny,Field A
2022-11-03,18:45,Cow_43,5,7,3,0,33.4,Sunny,Field A
2022-11-03,18:45,Cow_44,2,8,5,0,33.4,Sunny,Field C
2022-11-03,18:45,Cow_45,0,9,6,0,33.4,Sunny,Field B
2022-11-03,18:45,Cow_46,0,10,5,0,33.4,Sunny,Field B
2022-11-03,18:45,Cow_47,13,0,7,0,33.4,Sunny,Field C
2022-11-03,18:45,Cow_48,10,1,4,0,33.4,Sunny,Field A
2022-11-03,18:45,Cow_49,4,4,7,0,33.4,Sunny,Field A
2022-11-03,19:00,Cow_1,5,4,6,0,31.8,Clear,Field B
2022-11-03,19:00,Cow_2,10,9,0,0,31.8,Clear,Field B
2022-11-03,19:00,Cow_3,7,5,3,0,31.8,Clear,Field A
2022-11-03,19:00,Cow_4,12,4,0,0,31.8,Clear,Field B
2022-11-03,19:00,Cow_5,7,1,7,0,31.8,Clear,Field B
2022-11-03,19:00,Cow_6,6,3,6,0,31.8,Clear,Field C
2022-11-03,19:00,Cow_7,0,0,0,15,31.8,Clear,Field A
2022-11-03,19:00,Cow_8,9,0,6,0,31.8,Clear,Field C
2022-11-03,19:00,Cow_9,0,0,0,15,31.8,Clear,Field B
2022-11-03,19:00,Cow_10,6,7,2,0,31.8,Clear,Field B
2022-11-03,19:00,Cow_11,0,0,0,15,31.8,Clear,Field A
2022-11-03,19:00,Cow_12,14,3,0,0,31.8,Clear,Field B
2022-11-03,19:00,Cow_13,1,7,7,0,31.8,Clear,Field C
2022-11-03,19:00,Cow_14,6,5,4,0,31.8,Clear,Field B
2022-11-03,19:00,Cow_15,11,0,4,0,31.8,Clear,Field A
2022-11-03,19:00,Cow_16,15,8,0,0,31.8,Clear,Field C
2022-11-03,19:00,Cow_17,10,2,3,0,31.8,Clear,Field B
2022-11-03,19:00,Cow_18,1,7,7,0,31.8,Clear,Field C
2022-11-03,19:00,Cow_19,6,11,0,0,31.8,Clear,Field A
2022-11-03,19:00,Cow_20,7,4,4,0,31.8,Clear,Field B
2022-11-03,19:00,Cow_21,0,0,0,15,31.8,Clear,Field C
2022-11-03,19:00,Cow_22,10,11,0,0,31.8,Clear,Field B
2022-11-03,19:00,Cow_23,7,5,3,0,31.8,Clear,Field C
2022-11-03,19:00,Cow_24,3,5,7,0,31.8,Clear,Field C
2022-11-03,19:00,Cow_25,6,4,5,0,31.8,Clear,Field A
2022-11-03,19:00,Cow_26,0,0,0,15,31.8,Clear,Field A
2022-11-03,19:00,Cow_27,11,11,0,0,31.8,Clear,Field A
2022-11-03,19:00,Cow_28,5,3,7,0,31.8,Clear,Field B
2022-11-03,19:00,Cow_29,1,9,5,0,31.8,Clear,Field A
2022-11-03,19:00,Cow_30,7,3,5,0,31.8,Clear,Field A
2022-11-03,19:00,Cow_31,9,3,3,0,31.8,Clear,Field A
2022-11-03,19:00,Cow_32,0,12,4,0,31.8,Clear,Field B
2022-11-03,19:00,Cow_33,11,5,0,0,31.8,Clear,Field A
2022-11-03,19:00,Cow_34,1,9,5,0,31.8,Clear,Field C
2022-11-03,19:00,Cow_35,6,4,5,0,31.8,Clear,Field B
2022-11-03,19:00,Cow_36,11,1,3,0,31.8,Clear,Field B
2022-11-03,19:00,Cow_37,9,0,6,0,31.8,Clear,Field C
2022-11-03,19:00,Cow_38,13,0,3,0,31.8,Clear,Field C
2022-11-03,19:00,Cow_39,11,3,1,0,31.8,Clear,Field A
2022-11-03,19:00,Cow_40,3,6,6,0,31.8,Clear,Field B
2022-11-03,19:00,Cow_41,4,4,7,0,31.8,Clear,Field C
2022-11-03,19:00,Cow_42,8,5,2,0,31.8,Clear,Field B
2022-11-03,19:00,Cow_43,8,1,6,0,31.8,Clear,Field A
2022-11-03,19:00,Cow_44,12,0,3,0,31.8,Clear,Field B
2022-11-03,19:00,Cow_45,0,10,7,0,31.8,Clear,Field C
2022-11-03,19:00,Cow_46,7,10,0,0,31.8,Clear,Field B
2022-11-03,19:00,Cow_47,9,1,5,0,31.8,Clear,Field A
2022-11-03,19:00,Cow_48,8,4,3,0,31.8,Clear,Field B
2022-11-03,19:00,Cow_49,13,0,5,0,31.8,Clear,Field B
2022-11-03,19:15,Cow_1,13,9,0,0,36.4,Clear,Field C
2022-11-03,19:15,Cow_2,0,0,0,15,36.4,Clear,Field C
2022-11-03,19:15,Cow_3,14,0,7,0,36.4,Clear,Field C
2022-11-03,19:15,Cow_4,9,0,6,0,36.4,Clear,Field A
2022-11-03,19:15,Cow_5,0,0,0,15,36.4,Clear,Field A
2022-11-03,19:15,Cow_6,7,3,5,0,36.4,Clear,Field A
2022-11-03,19:15,Cow_7,8,4,3,0,36.4,Clear,Field C
2022-11-03,19:15,Cow_8,4,6,5,0,36.4,Clear,Field B
2022-11-03,19:15,Cow_9,2,10,3,0,36.4,Clear,Field C
2022-11-03,19:15,Cow_10,8,0,7,0,36.4,Clear,Field A
2022-11-03,19:15,Cow_11,0,10,5,0,36.4,Clear,Field B
2022-11-03,19:15,Cow_12,9,8,0,0,36.4,Clear,Field C
2022-11-03,19:15,Cow_13,0,0,0,15,36.4,Clear,Field B
2022-11-03,19:15,Cow_14,0,0,0,15,36.4,Clear,Field C
2022-11-03,19:15,Cow_15,15,0,2,0,36.4,Clear,Field A
2022-11-03,19:15,Cow_16,0,0,0,15,36.4,Clear,Field B
2022-11-03,19:15,Cow_17,14,9,0,0,36.4,Clear,Field C
2022-11-03,19:15,Cow_18,8,6,1,0,36.4,Clear,Field A
2022-11-03,19:15,Cow_19,9,3,3,0,36.4,Clear,Field C
2022-11-03,19:15,Cow_20,0,10,6,0,36.4,Clear,Field A
2022-11-03,19:15,Cow_21,4,4,7,0,36.4,Clear,Field C
2022-11-03,19:15,Cow_22,15,8,0,0,36.4,Clear,Field B
2022-11-03,19:15,Cow_23,13,0,5,0,36.4,Clear,Field C
2022-11-03,19:15,Cow_24,14,9,0,0,36.4,Clear,Field B
2022-11-03,19:15,Cow_25,5,7,3,0,36.4,Clear,Field B
2022-11-03,19:15,Cow_26,13,0,5,0,36.4,Clear,Field A
2022-11-03,19:15,Cow_27,13,10,0,0,36.4,Clear,Field C
2022-11-03,19:15,Cow_28,5,6,4,0,36.4,Clear,Field B
2022-11-03,19:15,Cow_29,9,2,4,0,36.4,Clear,Field C
2022-11-03,19:15,Cow_30,4,5,6,0,36.4,Clear,Field C
2022-11-03,19:15,Cow_31,6,7,2,0,36.4,Clear,Field B
2022-11-03,19:15,Cow_32,6,3,6,0,36.4,Clear,Field B
2022-11-03,19:15,Cow_33,0,0,0,15,36.4,Clear,Field C
2022-11-03,19:15,Cow_34,7,4,4,0,36.4,Clear,Field B
2022-11-03,19:15,Cow_35,0,0,0,15,36.4,Clear,Field B
2022-11-03,19:15,Cow_36,14,5,0,0,36.4,Clear,Field C
2022-11-03,19:15,Cow_37,1,7,7,0,36.4,Clear,Field B
2022-11-03,19:15,Cow_38,7,4,4,0,36.4,Clear,Field C
2022-11-03,19:15,Cow_39,14,0,3,0,36.4,Clear,Field C
2022-11-03,19:15,Cow_40,2,8,5,0,36.4,Clear,Field C
2022-11-03,19:15,Cow_41,8,0,8,0,36.4,Clear,Field A
2022-11-03,19:15,Cow_42,4,6,5,0,36.4,Clear,Field A
2022-11-03,19:15,Cow_43,8,7,0,0,36.4,Clear,Field A
2022-11-03,19:15,Cow_44,8,7,0,0,36.4,Clear,Field B
2022-11-03,19:15,Cow_45,14,9,0,0,36.4,Clear,Field B
2022-11-03,19:15,Cow_46,8,4,3,0,36.4,Clear,Field C
2022-11-03,19:15,Cow_47,5,7,3,0,36.4,Clear,Field B
2022-11-03,19:15,Cow_48,11,3,1,0,36.4,Clear,Field A
2022-11-03,19:15,Cow_49,0,9,7,0,36.4,Clear,Field B
2022-11-03,19:30,Cow_1,8,7,0,0,33.8,Rainy,Field B
2022-11-03,19:30,Cow_2,5,9,1,0,33.8,Rainy,Field A
2022-11-03,19:30,Cow_3,8,9,0,0,33.8,Rainy,Field C
2022-11-03,19:30,Cow_4,1,9,5,0,33.8,Rainy,Field B
2022-11-03,19:30,Cow_5,6,3,6,0,33.8,Rainy,Field A
2022-11-03,19:30,Cow_6,3,3,9,0,33.8,Rainy,Field B
2022-11-03,19:30,Cow_7,3,9,3,0,33.8,Rainy,Field C
2022-11-03,19:30,Cow_8,0,0,0,15,33.8,Rainy,Field C
2022-11-03,19:30,Cow_9,13,9,0,0,33.8,Rainy,Field A
2022-11-03,19:30,Cow_10,13,0,8,0,33.8,Rainy,Field A
2022-11-03,19:30,Cow_11,2,10,3,0,33.8,Rainy,Field C
2022-11-03,19:30,Cow_12,12,0,4,0,33.8,Rainy,Field B
2022-11-03,19:30,Cow_13,0,10,8,0,33.8,Rainy,Field A
2022-11-03,19:30,Cow_14,9,4,2,0,33.8,Rainy,Field C
2022-11-03,19:30,Cow_15,6,6,3,0,33.8,Rainy,Field A
2022-11-03,19:30,Cow_16,11,0,5,0,33.8,Rainy,Field A
2022-11-03,19:30,Cow_17,9,6,0,0,33.8,Rainy,Field B
2022-11-03,19:30,Cow_18,12,0,5,0,33.8,Rainy,Field C
2022-11-03,19:30,Cow_19,1,12,2,0,33.8,Rainy,Field B
2022-11-03,19:30,Cow_20,6,5,4,0,33.8,Rainy,Field C
2022-11-03,19:30,Cow_21,9,3,3,0,33.8,Rainy,Field A
2022-11-03,19:30,Cow_22,5,1,9,0,33.8,Rainy,Field B
2022-11-03,19:30,Cow_23,0,0,0,15,33.8,Rainy,Field A
2022-11-03,19:30,Cow_24,5,5,5,0,33.8,Rainy,Field B
2022-11-03,19:30,Cow_25,2,8,5,0,33.8,Rainy,Field C
2022-11-03,19:30,Cow_26,0,8,7,0,33.8,Rainy,Field B
2022-11-03,19:30,Cow_27,15,3,0,0,33.8,Rainy,Field A
2022-11-03,19:30,Cow_28,0,8,8,0,33.8,Rainy,Field A
2022-11-03,19:30,Cow_29,8,4,3,0,33.8,Rainy,Field B
2022-11-03,19:30,Cow_30,0,8,7,0,33.8,Rainy,Field A
2022-11-03,19:30,Cow_31,8,10,0,0,33.8,Rainy,Field B
2022-11-03,19:30,Cow_32,12,0,3,0,33.8,Rainy,Field C
2022-11-03,19:30,Cow_33,12,0,5,0,33.8,Rainy,Field B
2022-11-03,19:30,Cow_34,0,10,7,0,33.8,Rainy,Field C
2022-11-03,19:30,Cow_35,0,10,5,0,33.8,Rainy,Field C
2022-11-03,19:30,Cow_36,13,5,0,0,33.8,Rainy,Field C
2022-11-03,19:30,Cow_37,0,0,0,15,33.8,Rainy,Field C
2022-11-03,19:30,Cow_38,2,5,8,0,33.8,Rainy,Field B
2022-11-03,19:30,Cow_39,13,0,6,0,33.8,Rainy,Field A
2022-11-03,19:30,Cow_40,7,3,5,0,33.8,Rainy,Field B
2022-11-03,19:30,Cow_41,1,10,4,0,33.8,Rainy,Field C
2022-11-03,19:30,Cow_42,3,4,8,0,33.8,Rainy,Field C
2022-11-03,19:30,Cow_43,11,7,0,0,33.8,Rainy,Field A
2022-11-03,19:30,Cow_44,12,10,0,0,33.8,Rainy,Field A
2022-11-03,19:30,Cow_45,1,8,6,0,33.8,Rainy,Field C
2022-11-03,19:30,Cow_46,8,2,5,0,33.8,Rainy,Field C
2022-11-03,19:30,Cow_47,0,0,0,15,33.8,Rainy,Field B
2022-11-03,19:30,Cow_48,8,4,3,0,33.8,Rainy,Field C
2022-11-03,19:30,Cow_49,2,10,3,0,33.8,Rainy,Field A
2022-11-03,19:45,Cow_1,6,6,3,0,26.5,Rainy,Field B
2022-11-03,19:45,Cow_2,4,8,3,0,26.5,Rainy,Field A
2022-11-03,19:45,Cow_3,9,3,3,0,26.5,Rainy,Field C
2022-11-03,19:45,Cow_4,8,4,3,0,26.5,Rainy,Field A
2022-11-03,19:45,Cow_5,7,3,5,0,26.5,Rainy,Field A
2022-11-03,19:45,Cow_6,7,2,6,0,26.5,Rainy,Field B
2022-11-03,19:45,Cow_7,9,2,4,0,26.5,Rainy,Field A
2022-11-03,19:45,Cow_8,5,6,4,0,26.5,Rainy,Field A
2022-11-03,19:45,Cow_9,7,3,5,0,26.5,Rainy,Field B
2022-11-03,19:45,Cow_10,0,0,0,15,26.5,Rainy,Field C
2022-11-03,19:45,Cow_11,6,4,5,0,26.5,Rainy,Field C
2022-11-03,19:45,Cow_12,5,8,2,0,26.5,Rainy,Field B
2022-11-03,19:45,Cow_13,0,9,7,0,26.5,Rainy,Field C
2022-11-03,19:45,Cow_14,6,4,5,0,26.5,Rainy,Field B
2022-11-03,19:45,Cow_15,13,0,6,0,26.5,Rainy,Field C
2022-11-03,19:45,Cow_16,11,0,7,0,26.5,Rainy,Field A
2022-11-03,19:45,Cow_17,7,8,0,0,26.5,Rainy,Field B
2022-11-03,19:45,Cow_18,1,10,4,0,26.5,Rainy,Field B
2022-11-03,19:45,Cow_19,6,3,6,0,26.5,Rainy,Field B
2022-11-03,19:45,Cow_20,3,4,8,0,26.5,Rainy,Field A
2022-11-03,19:45,Cow_21,6,4,5,0,26.5,Rainy,Field C
2022-11-03,19:45,Cow_22,15,0,2,0,26.5,Rainy,Field A
2022-11-03,19:45,Cow_23,2,6,7,0,26.5,Rainy,Field A
2022-11-03,19:45,Cow_24,14,9,0,0,26.5,Rainy,Field C
2022-11-03,19:45,Cow_25,9,3,3,0,26.5,Rainy,Field C
2022-11-03,19:45,Cow_26,1,10,4,0,26.5,Rainy,Field C
2022-11-03,19:45,Cow_27,14,0,7,0,26.5,Rainy,Field C
2022-11-03,19:45,Cow_28,13,7,0,0,26.5,Rainy,Field A
2022-11-03,19:45,Cow_29,10,7,0,0,26.5,Rainy,Field B
2022-11-03,19:45,Cow_30,10,1,4,0,26.5,Rainy,Field A
2022-11-03,19:45,Cow_31,7,1,7,0,26.5,Rainy,Field A
2022-11-03,19:45,Cow_32,14,3,0,0,26.5,Rainy,Field B
2022-11-03,19:45,Cow_33,4,8,3,0,26.5,Rainy,Field C
2022-11-03,19:45,Cow_34,1,9,5,0,26.5,Rainy,Field B
2022-11-03,19:45,Cow_35,11,0,5,0,26.5,Rainy,Field A
2022-11-03,19:45,Cow_36,13,0,3,0,26.5,Rainy,Field B
2022-11-03,19:45,Cow_37,7,10,0,0,26.5,Rainy,Field A
2022-11-03,19:45,Cow_38,8,1,6,0,26.5,Rainy,Field C
2022-11-03,19:45,Cow_39,11,5,0,0,26.5,Rainy,Field C
2022-11-03,19:45,Cow_40,4,6,5,0,26.5,Rainy,Field B
2022-11-03,19:45,Cow_41,3,8,4,0,26.5,Rainy,Field A
2022-11-03,19:45,Cow_42,0,9,10,0,26.5,Rainy,Field A
2022-11-03,19:45,Cow_43,6,4,5,0,26.5,Rainy,Field A
2022-11-03,19:45,Cow_44,5,7,3,0,26.5,Rainy,Field A
2022-11-03,19:45,Cow_45,4,7,4,0,26.5,Rainy,Field A
2022-11-03,19:45,Cow_46,14,9,0,0,26.5,Rainy,Field B
2022-11-03,19:45,Cow_47,5,3,7,0,26.5,Rainy,Field B
2022-11-03,19:45,Cow_48,9,10,0,0,26.5,Rainy,Field B
2022-11-03,19:45,Cow_49,10,2,3,0,26.5,Rainy,Field B
2022-11-03,20:00,Cow_1,2,10,3,0,23.5,Clear,Field A
2022-11-03,20:00,Cow_2,7,9,0,0,23.5,Clear,Field C
2022-11-03,20:00,Cow_3,11,0,7,0,23.5,Clear,Field C
2022-11-03,20:00,Cow_4,13,4,0,0,23.5,Clear,Field B
2022-11-03,20:00,Cow_5,6,2,7,0,23.5,Clear,Field A
2022-11-03,20:00,Cow_6,5,5,5,0,23.5,Clear,Field C
2022-11-03,20:00,Cow_7,0,9,6,0,23.5,Clear,Field C
2022-11-03,20:00,Cow_8,14,6,0,0,23.5,Clear,Field A
2022-11-03,20:00,Cow_9,6,4,5,0,23.5,Clear,Field B
2022-11-03,20:00,Cow_10,2,9,4,0,23.5,Clear,Field C
2022-11-03,20:00,Cow_11,10,0,8,0,23.5,Clear,Field A
2022-11-03,20:00,Cow_12,0,0,0,15,23.5,Clear,Field A
2022-11-03,20:00,Cow_13,0,10,7,0,23.5,Clear,Field C
2022-11-03,20:00,Cow_14,3,7,5,0,23.5,Clear,Field A
2022-11-03,20:00,Cow_15,3,3,9,0,23.5,Clear,Field A
2022-11-03,20:00,Cow_16,0,6,10,0,23.5,Clear,Field A
2022-11-03,20:00,Cow_17,5,7,3,0,23.5,Clear,Field B
2022-11-03,20:00,Cow_18,0,0,0,15,23.5,Clear,Field B
2022-11-03,20:00,Cow_19,1,10,4,0,23.5,Clear,Field A
2022-11-03,20:00,Cow_20,12,3,0,0,23.5,Clear,Field B
2022-11-03,20:00,Cow_21,11,6,0,0,23.5,Clear,Field B
2022-11-03,20:00,Cow_22,5,3,7,0,23.5,Clear,Field A
2022-11-03,20:00,Cow_23,8,9,0,0,23.5,Clear,Field A
2022-11-03,20:00,Cow_24,8,4,3,0,23.5,Clear,Field C
2022-11-03,20:00,Cow_25,0,0,0,15,23.5,Clear,Field B
2022-11-03,20:00,Cow_26,8,4,3,0,23.5,Clear,Field B
2022-11-03,20:00,Cow_27,5,6,4,0,23.5,Clear,Field C
2022-11-03,20:00,Cow_28,8,0,7,0,23.5,Clear,Field C
2022-11-03,20:00,Cow_29,14,0,4,0,23.5,Clear,Field A
2022-11-03,20:00,Cow_30,5,7,3,0,23.5,Clear,Field B
2022-11-03,20:00,Cow_31,7,3,5,0,23.5,Clear,Field A
2022-11-03,20:00,Cow_32,8,11,0,0,23.5,Clear,Field B
2022-11-03,20:00,Cow_33,11,3,1,0,23.5,Clear,Field A
2022-11-03,20:00,Cow_34,11,0,4,0,23.5,Clear,Field A
2022-11-03,20:00,Cow_35,8,3,4,0,23.5,Clear,Field C
2022-11-03,20:00,Cow_36,11,0,5,0,23.5,Clear,Field B
2022-11-03,20:00,Cow_37,10,2,3,0,23.5,Clear,Field A
2022-11-03,20:00,Cow_38,3,4,8,0,23.5,Clear,Field B
2022-11-03,20:00,Cow_39,7,1,7,0,23.5,Clear,Field B
2022-11-03,20:00,Cow_40,10,3,2,0,23.5,Clear,Field B
2022-11-03,20:00,Cow_41,6,6,3,0,23.5,Clear,Field B
2022-11-03,20:00,Cow_42,15,0,4,0,23.5,Clear,Field A
2022-11-03,20:00,Cow_43,5,6,4,0,23.5,Clear,Field C
2022-11-03,20:00,Cow_44,10,0,7,0,23.5,Clear,Field C
2022-11-03,20:00,Cow_45,12,0,4,0,23.5,Clear,Field B
2022-11-03,20:00,Cow_46,12,0,4,0,23.5,Clear,Field A
2022-11-03,20:00,Cow_47,2,7,6,0,23.5,Clear,Field C
2022-11-03,20:00,Cow_48,2,5,8,0,23.5,Clear,Field B
2022-11-03,20:00,Cow_49,12,0,5,0,23.5,Clear,Field C
2022-11-03,20:15,Cow_1,5,6,4,0,33.7,Sunny,Field B
2022-11-03,20:15,Cow_2,5,4,6,0,33.7,Sunny,Field C
2022-11-03,20:15,Cow_3,5,10,0,0,33.7,Sunny,Field C
2022-11-03,20:15,Cow_4,4,7,4,0,33.7,Sunny,Field C
2022-11-03,20:15,Cow_5,12,0,5,0,33.7,Sunny,Field B
2022-11-03,20:15,Cow_6,5,6,4,0,33.7,Sunny,Field B
2022-11-03,20:15,Cow_7,13,0,4,0,33.7,Sunny,Field C
2022-11-03,20:15,Cow_8,12,6,0,0,33.7,Sunny,Field B
2022-11-03,20:15,Cow_9,3,4,8,0,33.7,Sunny,Field B
2022-11-03,20:15,Cow_10,8,0,7,0,33.7,Sunny,Field C
2022-11-03,20:15,Cow_11,9,3,3,0,33.7,Sunny,Field C
2022-11-03,20:15,Cow_12,0,9,8,0,33.7,Sunny,Field B
2022-11-03,20:15,Cow_13,0,9,8,0,33.7,Sunny,Field C
2022-11-03,20:15,Cow_14,9,0,7,0,33.7,Sunny,Field C
2022-11-03,20:15,Cow_15,1,12,2,0,33.7,Sunny,Field B
2022-11-03,20:15,Cow_16,7,3,5,0,33.7,Sunny,Field B
2022-11-03,20:15,Cow_17,5,5,5,0,33.7,Sunny,Field A
2022-11-03,20:15,Cow_18,11,9,0,0,33.7,Sunny,Field A
2022-11-03,20:15,Cow_19,0,0,0,15,33.7,Sunny,Field A
2022-11-03,20:15,Cow_20,8,3,4,0,33.7,Sunny,Field C
2022-11-03,20:15,Cow_21,2,9,4,0,33.7,Sunny,Field B
2022-11-03,20:15,Cow_22,15,12,0,0,33.7,Sunny,Field A
2022-11-03,20:15,Cow_23,6,4,5,0,33.7,Sunny,Field C
2022-11-03,20:15,Cow_24,14,0,6,0,33.7,Sunny,Field A
2022-11-03,20:15,Cow_25,0,9,7,0,33.7,Sunny,Field B
2022-11-03,20:15,Cow_26,6,5,4,0,33.7,Sunny,Field C
2022-11-03,20:15,Cow_27,14,3,0,0,33.7,Sunny,Field C
2022-11-03,20:15,Cow_28,10,10,0,0,33.7,Sunny,Field B
2022-11-03,20:15,Cow_29,1,8,6,0,33.7,Sunny,Field B
2022-11-03,20:15,Cow_30,9,2,4,0,33.7,Sunny,Field A
2022-11-03,20:15,Cow_31,13,7,0,0,33.7,Sunny,Field C
2022-11-03,20:15,Cow_32,14,6,0,0,33.7,Sunny,Field C
2022-11-03,20:15,Cow_33,10,0,6,0,33.7,Sunny,Field C
2022-11-03,20:15,Cow_34,14,0,5,0,33.7,Sunny,Field A
2022-11-03,20:15,Cow_35,14,4,0,0,33.7,Sunny,Field A
2022-11-03,20:15,Cow_36,5,3,7,0,33.7,Sunny,Field A
2022-11-03,20:15,Cow_37,6,10,0,0,33.7,Sunny,Field C
2022-11-03,20:15,Cow_38,2,9,4,0,33.7,Sunny,Field A
2022-11-03,20:15,Cow_39,9,5,1,0,33.7,Sunny,Field B
2022-11-03,20:15,Cow_40,6,4,5,0,33.7,Sunny,Field C
2022-11-03,20:15,Cow_41,11,5,0,0,33.7,Sunny,Field B
2022-11-03,20:15,Cow_42,13,0,4,0,33.7,Sunny,Field C
2022-11-03,20:15,Cow_43,14,0,3,0,33.7,Sunny,Field A
2022-11-03,20:15,Cow_44,11,3,1,0,33.7,Sunny,Field C
2022-11-03,20:15,Cow_45,8,5,2,0,33.7,Sunny,Field B
2022-11-03,20:15,Cow_46,0,8,7,0,33.7,Sunny,Field B
2022-11-03,20:15,Cow_47,0,10,5,0,33.7,Sunny,Field A
2022-11-03,20:15,Cow_48,14,5,0,0,33.7,Sunny,Field A
2022-11-03,20:15,Cow_49,5,6,4,0,33.7,Sunny,Field B
2022-11-03,20:30,Cow_1,0,9,7,0,24.9,Clear,Field B
2022-11-03,20:30,Cow_2,3,7,5,0,24.9,Clear,Field C
2022-11-03,20:30,Cow_3,0,9,6,0,24.9,Clear,Field B
2022-11-03,20:30,Cow_4,3,5,7,0,24.9,Clear,Field A
2022-11-03,20:30,Cow_5,10,6,0,0,24.9,Clear,Field C
2022-11-03,20:30,Cow_6,6,5,4,0,24.9,Clear,Field A
2022-11-03,20:30,Cow_7,5,7,3,0,24.9,Clear,Field A
2022-11-03,20:30,Cow_8,14,5,0,0,24.9,Clear,Field C
2022-11-03,20:30,Cow_9,9,3,3,0,24.9,Clear,Field B
2022-11-03,20:30,Cow_10,3,4,8,0,24.9,Clear,Field C
2022-11-03,20:30,Cow_11,5,7,3,0,24.9,Clear,Field A
2022-11-03,20:30,Cow_12,6,3,6,0,24.9,Clear,Field C
2022-11-03,20:30,Cow_13,5,5,5,0,24.9,Clear,Field C
2022-11-03,20:30,Cow_14,3,4,8,0,24.9,Clear,Field A
2022-11-03,20:30,Cow_15,9,2,4,0,24.9,Clear,Field C
2022-11-03,20:30,Cow_16,6,12,0,0,24.9,Clear,Field C
2022-11-03,20:30,Cow_17,6,2,7,0,24.9,Clear,Field A
2022-11-03,20:30,Cow_18,0,10,7,0,24.9,Clear,Field B
2022-11-03,20:30,Cow_19,12,1,2,0,24.9,Clear,Field A
2022-11-03,20:30,Cow_20,13,0,8,0,24.9,Clear,Field C
2022-11-03,20:30,Cow_21,3,4,8,0,24.9,Clear,Field B
2022-11-03,20:30,Cow_22,10,1,4,0,24.9,Clear,Field A
2022-11-03,20:30,Cow_23,0,8,8,0,24.9,Clear,Field C
2022-11-03,20:30,Cow_24,5,5,5,0,24.9,Clear,Field C
2022-11-03,20:30,Cow_25,14,7,0,0,24.9,Clear,Field A
2022-11-03,20:30,Cow_26,0,0,0,15,24.9,Clear,Field B
2022-11-03,20:30,Cow_27,3,8,4,0,24.9,Clear,Field C
2022-11-03,20:30,Cow_28,12,7,0,0,24.9,Clear,Field C
2022-11-03,20:30,Cow_29,0,9,6,0,24.9,Clear,Field B
2022-11-03,20:30,Cow_30,11,9,0,0,24.9,Clear,Field C
2022-11-03,20:30,Cow_31,11,0,8,0,24.9,Clear,Field A
2022-11-03,20:30,Cow_32,15,0,3,0,24.9,Clear,Field B
2022-11-03,20:30,Cow_33,0,0,0,15,24.9,Clear,Field C
2022-11-03,20:30,Cow_34,1,9,5,0,24.9,Clear,Field A
2022-11-03,20:30,Cow_35,14,8,0,0,24.9,Clear,Field B
2022-11-03,20:30,Cow_36,2,5,8,0,24.9,Clear,Field C
2022-11-03,20:30,Cow_37,7,1,7,0,24.9,Clear,Field C
2022-11-03,20:30,Cow_38,11,4,0,0,24.9,Clear,Field A
2022-11-03,20:30,Cow_39,14,3,0,0,24.9,Clear,Field B
2022-11-03,20:30,Cow_40,0,9,6,0,24.9,Clear,Field C
2022-11-03,20:30,Cow_41,3,8,4,0,24.9,Clear,Field B
2022-11-03,20:30,Cow_42,0,9,8,0,24.9,Clear,Field A
2022-11-03,20:30,Cow_43,10,0,7,0,24.9,Clear,Field B
2022-11-03,20:30,Cow_44,9,0,8,0,24.9,Clear,Field A
2022-11-03,20:30,Cow_45,9,3,3,0,24.9,Clear,Field C
2022-11-03,20:30,Cow_46,13,9,0,0,24.9,Clear,Field C
2022-11-03,20:30,Cow_47,7,8,0,0,24.9,Clear,Field C
2022-11-03,20:30,Cow_48,5,9,1,0,24.9,Clear,Field B
2022-11-03,20:30,Cow_49,0,0,0,15,24.9,Clear,Field A
2022-11-03,20:45,Cow_1,6,4,5,0,35.9,Clear,Field C
2022-11-03,20:45,Cow_2,8,4,3,0,35.9,Clear,Field C
2022-11-03,20:45,Cow_3,11,10,0,0,35.9,Clear,Field C
2022-11-03,20:45,Cow_4,9,1,5,0,35.9,Clear,Field B
2022-11-03,20:45,Cow_5,8,0,7,0,35.9,Clear,Field A
2022-11-03,20:45,Cow_6,1,8,6,0,35.9,Clear,Field C
2022-11-03,20:45,Cow_7,7,0,8,0,35.9,Clear,Field C
2022-11-03,20:45,Cow_8,7,0,9,0,35.9,Clear,Field C
2022-11-03,20:45,Cow_9,0,0,0,15,35.9,Clear,Field B
2022-11-03,20:45,Cow_10,4,4,7,0,35.9,Clear,Field A
2022-11-03,20:45,Cow_11,13,9,0,0,35.9,Clear,Field A
2022-11-03,20:45,Cow_12,0,11,4,0,35.9,Clear,Field A
2022-11-03,20:45,Cow_13,0,10,5,0,35.9,Clear,Field B
2022-11-03,20:45,Cow_14,12,7,0,0,35.9,Clear,Field A
2022-11-03,20:45,Cow_15,0,10,9,0,35.9,Clear,Field A
2022-11-03,20:45,Cow_16,2,6,7,0,35.9,Clear,Field A
2022-11-03,20:45,Cow_17,5,5,5,0,35.9,Clear,Field B
2022-11-03,20:45,Cow_18,14,0,5,0,35.9,Clear,Field A
2022-11-03,20:45,Cow_19,15,0,2,0,35.9,Clear,Field C
2022-11-03,20:45,Cow_20,13,4,0,0,35.9,Clear,Field A
2022-11-03,20:45,Cow_21,9,1,5,0,35.9,Clear,Field C
2022-11-03,20:45,Cow_22,15,0,8,0,35.9,Clear,Field C
2022-11-03,20:45,Cow_23,8,1,6,0,35.9,Clear,Field A
2022-11-03,20:45,Cow_24,9,2,4,0,35.9,Clear,Field A
2022-11-03,20:45,Cow_25,7,0,8,0,35.9,Clear,Field B
2022-11-03,20:45,Cow_26,1,8,6,0,35.9,Clear,Field B
2022-11-03,20:45,Cow_27,5,8,2,0,35.9,Clear,Field B
2022-11-03,20:45,Cow_28,13,4,0,0,35.9,Clear,Field C
2022-11-03,20:45,Cow_29,8,0,7,0,35.9,Clear,Field B
2022-11-03,20:45,Cow_30,11,0,4,0,35.9,Clear,Field A
2022-11-03,20:45,Cow_31,12,7,0,0,35.9,Clear,Field B
2022-11-03,20:45,Cow_32,6,11,0,0,35.9,Clear,Field A
2022-11-03,20:45,Cow_33,5,9,1,0,35.9,Clear,Field B
2022-11-03,20:45,Cow_34,14,9,0,0,35.9,Clear,Field C
2022-11-03,20:45,Cow_35,14,0,6,0,35.9,Clear,Field C
2022-11-03,20:45,Cow_36,7,5,3,0,35.9,Clear,Field B
2022-11-03,20:45,Cow_37,5,4,6,0,35.9,Clear,Field C
2022-11-03,20:45,Cow_38,0,10,8,0,35.9,Clear,Field B
2022-11-03,20:45,Cow_39,6,4,5,0,35.9,Clear,Field C
2022-11-03,20:45,Cow_40,10,5,0,0,35.9,Clear,Field C
2022-11-03,20:45,Cow_41,10,4,1,0,35.9,Clear,Field B
2022-11-03,20:45,Cow_42,1,4,10,0,35.9,Clear,Field C
2022-11-03,20:45,Cow_43,8,4,3,0,35.9,Clear,Field C
2022-11-03,20:45,Cow_44,3,5,7,0,35.9,Clear,Field B
2022-11-03,20:45,Cow_45,5,7,3,0,35.9,Clear,Field C
2022-11-03,20:45,Cow_46,10,2,3,0,35.9,Clear,Field B
2022-11-03,20:45,Cow_47,8,9,0,0,35.9,Clear,Field A
2022-11-03,20:45,Cow_48,11,10,0,0,35.9,Clear,Field B
2022-11-03,20:45,Cow_49,5,9,1,0,35.9,Clear,Field B
2022-11-03,21:00,Cow_1,0,10,5,0,28.8,Clear,Field A
2022-11-03,21:00,Cow_2,8,8,0,0,28.8,Clear,Field A
2022-11-03,21:00,Cow_3,5,7,3,0,28.8,Clear,Field B
2022-11-03,21:00,Cow_4,13,3,0,0,28.8,Clear,Field A
2022-11-03,21:00,Cow_5,13,0,6,0,28.8,Clear,Field B
2022-11-03,21:00,Cow_6,0,9,7,0,28.8,Clear,Field A
2022-11-03,21:00,Cow_7,0,10,8,0,28.8,Clear,Field C
2022-11-03,21:00,Cow_8,7,4,4,0,28.8,Clear,Field C
2022-11-03,21:00,Cow_9,11,10,0,0,28.8,Clear,Field B
2022-11-03,21:00,Cow_10,5,6,4,0,28.8,Clear,Field B
2022-11-03,21:00,Cow_11,3,7,5,0,28.8,Clear,Field C
2022-11-03,21:00,Cow_12,9,4,2,0,28.8,Clear,Field A
2022-11-03,21:00,Cow_13,5,9,1,0,28.8,Clear,Field B
2022-11-03,21:00,Cow_14,10,2,3,0,28.8,Clear,Field B
2022-11-03,21:00,Cow_15,5,4,6,0,28.8,Clear,Field C
2022-11-03,21:00,Cow_16,10,0,10,0,28.8,Clear,Field A
2022-11-03,21:00,Cow_17,10,0,8,0,28.8,Clear,Field C
2022-11-03,21:00,Cow_18,8,3,4,0,28.8,Clear,Field C
2022-11-03,21:00,Cow_19,1,4,10,0,28.8,Clear,Field C
2022-11-03,21:00,Cow_20,6,5,4,0,28.8,Clear,Field B
2022-11-03,21:00,Cow_21,11,6,0,0,28.8,Clear,Field C
2022-11-03,21:00,Cow_22,12,0,7,0,28.8,Clear,Field B
2022-11-03,21:00,Cow_23,10,0,7,0,28.8,Clear,Field A
2022-11-03,21:00,Cow_24,11,6,0,0,28.8,Clear,Field C
2022-11-03,21:00,Cow_25,13,0,6,0,28.8,Clear,Field C
2022-11-03,21:00,Cow_26,3,8,4,0,28.8,Clear,Field B
2022-11-03,21:00,Cow_27,10,0,6,0,28.8,Clear,Field C
2022-11-03,21:00,Cow_28,8,9,0,0,28.8,Clear,Field A
2022-11-03,21:00,Cow_29,9,3,3,0,28.8,Clear,Field A
2022-11-03,21:00,Cow_30,13,9,0,0,28.8,Clear,Field C
2022-11-03,21:00,Cow_31,4,6,5,0,28.8,Clear,Field C
2022-11-03,21:00,Cow_32,14,0,10,0,28.8,Clear,Field B
2022-11-03,21:00,Cow_33,7,1,7,0,28.8,Clear,Field B
2022-11-03,21:00,Cow_34,1,8,6,0,28.8,Clear,Field B
2022-11-03,21:00,Cow_35,6,4,5,0,28.8,Clear,Field C
2022-11-03,21:00,Cow_36,6,3,6,0,28.8,Clear,Field A
2022-11-03,21:00,Cow_37,14,0,4,0,28.8,Clear,Field C
2022-11-03,21:00,Cow_38,2,9,4,0,28.8,Clear,Field A
2022-11-03,21:00,Cow_39,8,11,0,0,28.8,Clear,Field B
2022-11-03,21:00,Cow_40,0,0,0,15,28.8,Clear,Field C
2022-11-03,21:00,Cow_41,7,5,3,0,28.8,Clear,Field B
2022-11-03,21:00,Cow_42,5,6,4,0,28.8,Clear,Field C
2022-11-03,21:00,Cow_43,2,9,4,0,28.8,Clear,Field A
2022-11-03,21:00,Cow_44,5,4,6,0,28.8,Clear,Field B
2022-11-03,21:00,Cow_45,14,8,0,0,28.8,Clear,Field B
2022-11-03,21:00,Cow_46,2,5,8,0,28.8,Clear,Field C
2022-11-03,21:00,Cow_47,5,7,3,0,28.8,Clear,Field A
2022-11-03,21:00,Cow_48,2,10,3,0,28.8,Clear,Field A
2022-11-03,21:00,Cow_49,4,6,5,0,28.8,Clear,Field A
2022-11-03,21:15,Cow_1,7,4,4,0,31.4,Clear,Field A
2022-11-03,21:15,Cow_2,9,0,7,0,31.4,Clear,Field C
2022-11-03,21:15,Cow_3,8,6,1,0,31.4,Clear,Field A
2022-11-03,21:15,Cow_4,8,3,4,0,31.4,Clear,Field A
2022-11-03,21:15,Cow_5,8,10,0,0,31.4,Clear,Field B
2022-11-03,21:15,Cow_6,0,10,5,0,31.4,Clear,Field B
2022-11-03,21:15,Cow_7,3,5,7,0,31.4,Clear,Field C
2022-11-03,21:15,Cow_8,7,5,3,0,31.4,Clear,Field C
2022-11-03,21:15,Cow_9,6,5,4,0,31.4,Clear,Field C
2022-11-03,21:15,Cow_10,5,2,8,0,31.4,Clear,Field C
2022-11-03,21:15,Cow_11,0,0,0,15,31.4,Clear,Field A
2022-11-03,21:15,Cow_12,6,12,0,0,31.4,Clear,Field A
2022-11-03,21:15,Cow_13,0,10,5,0,31.4,Clear,Field A
2022-11-03,21:15,Cow_14,5,4,6,0,31.4,Clear,Field A
2022-11-03,21:15,Cow_15,14,0,2,0,31.4,Clear,Field B
2022-11-03,21:15,Cow_16,14,3,0,0,31.4,Clear,Field A
2022-11-03,21:15,Cow_17,13,0,6,0,31.4,Clear,Field C
2022-11-03,21:15,Cow_18,8,3,4,0,31.4,Clear,Field B
2022-11-03,21:15,Cow_19,10,6,0,0,31.4,Clear,Field B
2022-11-03,21:15,Cow_20,1,8,6,0,31.4,Clear,Field A
2022-11-03,21:15,Cow_21,5,9,1,0,31.4,Clear,Field B
2022-11-03,21:15,Cow_22,11,9,0,0,31.4,Clear,Field C
2022-11-03,21:15,Cow_23,0,10,5,0,31.4,Clear,Field C
2022-11-03,21:15,Cow_24,4,7,4,0,31.4,Clear,Field C
2022-11-03,21:15,Cow_25,0,0,0,15,31.4,Clear,Field B
2022-11-03,21:15,Cow_26,9,10,0,0,31.4,Clear,Field A
2022-11-03,21:15,Cow_27,9,2,4,0,31.4,Clear,Field B
2022-11-03,21:15,Cow_28,8,4,3,0,31.4,Clear,Field B
2022-11-03,21:15,Cow_29,9,2,4,0,31.4,Clear,Field A
2022-11-03,21:15,Cow_30,12,10,0,0,31.4,Clear,Field C
2022-11-03,21:15,Cow_31,7,9,0,0,31.4,Clear,Field B
2022-11-03,21:15,Cow_32,8,7,0,0,31.4,Clear,Field B
2022-11-03,21:15,Cow_33,10,10,0,0,31.4,Clear,Field A
2022-11-03,21:15,Cow_34,6,5,4,0,31.4,Clear,Field A
2022-11-03,21:15,Cow_35,5,4,6,0,31.4,Clear,Field B
2022-11-03,21:15,Cow_36,0,0,0,15,31.4,Clear,Field A
2022-11-03,21:15,Cow_37,11,9,0,0,31.4,Clear,Field C
2022-11-03,21:15,Cow_38,3,7,5,0,31.4,Clear,Field A
2022-11-03,21:15,Cow_39,10,12,0,0,31.4,Clear,Field A
2022-11-03,21:15,Cow_40,0,11,8,0,31.4,Clear,Field B
2022-11-03,21:15,Cow_41,2,9,4,0,31.4,Clear,Field C
2022-11-03,21:15,Cow_42,7,12,0,0,31.4,Clear,Field C
2022-11-03,21:15,Cow_43,0,0,0,15,31.4,Clear,Field A
2022-11-03,21:15,Cow_44,6,3,6,0,31.4,Clear,Field C
2022-11-03,21:15,Cow_45,11,3,1,0,31.4,Clear,Field A
2022-11-03,21:15,Cow_46,6,7,2,0,31.4,Clear,Field A
2022-11-03,21:15,Cow_47,0,10,8,0,31.4,Clear,Field B
2022-11-03,21:15,Cow_48,0,10,6,0,31.4,Clear,Field A
2022-11-03,21:15,Cow_49,2,8,5,0,31.4,Clear,Field A
2022-11-03,21:30,Cow_1,10,0,5,0,25.8,Rainy,Field A
2022-11-03,21:30,Cow_2,3,5,7,0,25.8,Rainy,Field A
2022-11-03,21:30,Cow_3,0,0,0,15,25.8,Rainy,Field A
2022-11-03,21:30,Cow_4,0,0,0,15,25.8,Rainy,Field B
2022-11-03,21:30,Cow_5,2,8,5,0,25.8,Rainy,Field C
2022-11-03,21:30,Cow_6,11,1,3,0,25.8,Rainy,Field A
2022-11-03,21:30,Cow_7,7,4,4,0,25.8,Rainy,Field C
2022-11-03,21:30,Cow_8,2,5,8,0,25.8,Rainy,Field B
2022-11-03,21:30,Cow_9,12,5,0,0,25.8,Rainy,Field C
2022-11-03,21:30,Cow_10,8,3,4,0,25.8,Rainy,Field C
2022-11-03,21:30,Cow_11,10,2,3,0,25.8,Rainy,Field A
2022-11-03,21:30,Cow_12,0,10,9,0,25.8,Rainy,Field A
2022-11-03,21:30,Cow_13,6,3,6,0,25.8,Rainy,Field C
2022-11-03,21:30,Cow_14,0,0,0,15,25.8,Rainy,Field C
2022-11-03,21:30,Cow_15,0,12,8,0,25.8,Rainy,Field A
2022-11-03,21:30,Cow_16,7,4,4,0,25.8,Rainy,Field C
2022-11-03,21:30,Cow_17,9,5,1,0,25.8,Rainy,Field C
2022-11-03,21:30,Cow_18,6,4,5,0,25.8,Rainy,Field B
2022-11-03,21:30,Cow_19,15,0,7,0,25.8,Rainy,Field C
2022-11-03,21:30,Cow_20,2,5,8,0,25.8,Rainy,Field B
2022-11-03,21:30,Cow_21,7,6,2,0,25.8,Rainy,Field B
2022-11-03,21:30,Cow_22,7,12,0,0,25.8,Rainy,Field A
2022-11-03,21:30,Cow_23,2,9,4,0,25.8,Rainy,Field A
2022-11-03,21:30,Cow_24,14,10,0,0,25.8,Rainy,Field C
2022-11-03,21:30,Cow_25,3,9,3,0,25.8,Rainy,Field B
2022-11-03,21:30,Cow_26,0,8,7,0,25.8,Rainy,Field C
2022-11-03,21:30,Cow_27,0,0,0,15,25.8,Rainy,Field C
2022-11-03,21:30,Cow_28,1,8,6,0,25.8,Rainy,Field C
2022-11-03,21:30,Cow_29,6,7,2,0,25.8,Rainy,Field A
2022-11-03,21:30,Cow_30,1,6,8,0,25.8,Rainy,Field A
2022-11-03,21:30,Cow_31,6,4,5,0,25.8,Rainy,Field B
2022-11-03,21:30,Cow_32,0,0,0,15,25.8,Rainy,Field A
2022-11-03,21:30,Cow_33,0,0,0,15,25.8,Rainy,Field B
2022-11-03,21:30,Cow_34,9,0,7,0,25.8,Rainy,Field B
2022-11-03,21:30,Cow_35,3,5,7,0,25.8,Rainy,Field C
2022-11-03,21:30,Cow_36,12,3,0,0,25.8,Rainy,Field A
2022-11-03,21:30,Cow_37,6,5,4,0,25.8,Rainy,Field C
2022-11-03,21:30,Cow_38,14,0,3,0,25.8,Rainy,Field A
2022-11-03,21:30,Cow_39,11,8,0,0,25.8,Rainy,Field A
2022-11-03,21:30,Cow_40,6,0,9,0,25.8,Rainy,Field C
2022-11-03,21:30,Cow_41,14,3,0,0,25.8,Rainy,Field A
2022-11-03,21:30,Cow_42,9,7,0,0,25.8,Rainy,Field C
2022-11-03,21:30,Cow_43,10,6,0,0,25.8,Rainy,Field A
2022-11-03,21:30,Cow_44,0,10,8,0,25.8,Rainy,Field A
2022-11-03,21:30,Cow_45,8,9,0,0,25.8,Rainy,Field C
2022-11-03,21:30,Cow_46,13,5,0,0,25.8,Rainy,Field C
2022-11-03,21:30,Cow_47,11,9,0,0,25.8,Rainy,Field B
2022-11-03,21:30,Cow_48,3,5,7,0,25.8,Rainy,Field A
2022-11-03,21:30,Cow_49,8,0,7,0,25.8,Rainy,Field C
2022-11-03,21:45,Cow_1,3,4,8,0,26.2,Clear,Field A
2022-11-03,21:45,Cow_2,5,3,7,0,26.2,Clear,Field C
2022-11-03,21:45,Cow_3,4,3,8,0,26.2,Clear,Field B
2022-11-03,21:45,Cow_4,11,8,0,0,26.2,Clear,Field B
2022-11-03,21:45,Cow_5,6,6,3,0,26.2,Clear,Field B
2022-11-03,21:45,Cow_6,0,11,10,0,26.2,Clear,Field A
2022-11-03,21:45,Cow_7,3,7,5,0,26.2,Clear,Field C
2022-11-03,21:45,Cow_8,10,2,3,0,26.2,Clear,Field A
2022-11-03,21:45,Cow_9,11,3,1,0,26.2,Clear,Field C
2022-11-03,21:45,Cow_10,3,4,8,0,26.2,Clear,Field C
2022-11-03,21:45,Cow_11,0,8,7,0,26.2,Clear,Field C
2022-11-03,21:45,Cow_12,13,0,7,0,26.2,Clear,Field C
2022-11-03,21:45,Cow_13,9,8,0,0,26.2,Clear,Field C
2022-11-03,21:45,Cow_14,5,5,5,0,26.2,Clear,Field A
2022-11-03,21:45,Cow_15,5,10,0,0,26.2,Clear,Field A
2022-11-03,21:45,Cow_16,5,6,4,0,26.2,Clear,Field A
2022-11-03,21:45,Cow_17,0,0,0,15,26.2,Clear,Field C
2022-11-03,21:45,Cow_18,13,7,0,0,26.2,Clear,Field C
2022-11-03,21:45,Cow_19,10,0,10,0,26.2,Clear,Field A
2022-11-03,21:45,Cow_20,5,6,4,0,26.2,Clear,Field C
2022-11-03,21:45,Cow_21,8,3,4,0,26.2,Clear,Field B
2022-11-03,21:45,Cow_22,9,1,5,0,26.2,Clear,Field C
2022-11-03,21:45,Cow_23,3,9,3,0,26.2,Clear,Field C
2022-11-03,21:45,Cow_24,5,10,0,0,26.2,Clear,Field B
2022-11-03,21:45,Cow_25,13,0,8,0,26.2,Clear,Field A
2022-11-03,21:45,Cow_26,4,5,6,0,26.2,Clear,Field B
2022-11-03,21:45,Cow_27,2,7,6,0,26.2,Clear,Field A
2022-11-03,21:45,Cow_28,14,0,3,0,26.2,Clear,Field A
2022-11-03,21:45,Cow_29,10,9,0,0,26.2,Clear,Field C
2022-11-03,21:45,Cow_30,0,0,0,15,26.2,Clear,Field C
2022-11-03,21:45,Cow_31,6,5,4,0,26.2,Clear,Field C
2022-11-03,21:45,Cow_32,0,10,5,0,26.2,Clear,Field C
2022-11-03,21:45,Cow_33,12,0,3,0,26.2,Clear,Field A
2022-11-03,21:45,Cow_34,5,6,4,0,26.2,Clear,Field B
2022-11-03,21:45,Cow_35,11,9,0,0,26.2,Clear,Field C
2022-11-03,21:45,Cow_36,5,7,3,0,26.2,Clear,Field C
2022-11-03,21:45,Cow_37,5,9,1,0,26.2,Clear,Field B
2022-11-03,21:45,Cow_38,10,7,0,0,26.2,Clear,Field A
2022-11-03,21:45,Cow_39,0,0,0,15,26.2,Clear,Field B
2022-11-03,21:45,Cow_40,9,11,0,0,26.2,Clear,Field C
2022-11-03,21:45,Cow_41,0,10,5,0,26.2,Clear,Field C
2022-11-03,21:45,Cow_42,14,0,2,0,26.2,Clear,Field A
2022-11-03,21:45,Cow_43,7,1,7,0,26.2,Clear,Field B
2022-11-03,21:45,Cow_44,2,6,7,0,26.2,Clear,Field A
2022-11-03,21:45,Cow_45,11,0,7,0,26.2,Clear,Field C
2022-11-03,21:45,Cow_46,8,4,3,0,26.2,Clear,Field A
2022-11-03,21:45,Cow_47,5,10,0,0,26.2,Clear,Field B
2022-11-03,21:45,Cow_48,0,0,0,15,26.2,Clear,Field B
2022-11-03,21:45,Cow_49,8,2,5,0,26.2,Clear,Field A
2022-11-03,22:00,Cow_1,8,3,4,0,32.0,Clear,Field C
2022-11-03,22:00,Cow_2,13,7,0,0,32.0,Clear,Field C
2022-11-03,22:00,Cow_3,9,0,8,0,32.0,Clear,Field B
2022-11-03,22:00,Cow_4,6,1,8,0,32.0,Clear,Field C
2022-11-03,22:00,Cow_5,6,1,8,0,32.0,Clear,Field B
2022-11-03,22:00,Cow_6,0,10,8,0,32.0,Clear,Field C
2022-11-03,22:00,Cow_7,14,3,0,0,32.0,Clear,Field C
2022-11-03,22:00,Cow_8,5,11,0,0,32.0,Clear,Field B
2022-11-03,22:00,Cow_9,10,0,5,0,32.0,Clear,Field C
2022-11-03,22:00,Cow_10,6,3,6,0,32.0,Clear,Field B
2022-11-03,22:00,Cow_11,11,0,8,0,32.0,Clear,Field C
2022-11-03,22:00,Cow_12,15,0,4,0,32.0,Clear,Field B
2022-11-03,22:00,Cow_13,12,3,0,0,32.0,Clear,Field A
2022-11-03,22:00,Cow_14,9,9,0,0,32.0,Clear,Field B
2022-11-03,22:00,Cow_15,8,3,4,0,32.0,Clear,Field C
2022-11-03,22:00,Cow_16,7,3,5,0,32.0,Clear,Field B
2022-11-03,22:00,Cow_17,0,0,0,15,32.0,Clear,Field B
2022-11-03,22:00,Cow_18,0,10,8,0,32.0,Clear,Field A
2022-11-03,22:00,Cow_19,12,0,7,0,32.0,Clear,Field A
2022-11-03,22:00,Cow_20,6,9,0,0,32.0,Clear,Field A
2022-11-03,22:00,Cow_21,8,8,0,0,32.0,Clear,Field A
2022-11-03,22:00,Cow_22,3,3,9,0,32.0,Clear,Field A
2022-11-03,22:00,Cow_23,13,9,0,0,32.0,Clear,Field C
2022-11-03,22:00,Cow_24,2,9,4,0,32.0,Clear,Field A
2022-11-03,22:00,Cow_25,6,1,8,0,32.0,Clear,Field B
2022-11-03,22:00,Cow_26,10,6,0,0,32.0,Clear,Field A
2022-11-03,22:00,Cow_27,4,4,7,0,32.0,Clear,Field C
2022-11-03,22:00,Cow_28,9,9,0,0,32.0,Clear,Field C
2022-11-03,22:00,Cow_29,7,6,2,0,32.0,Clear,Field B
2022-11-03,22:00,Cow_30,3,4,8,0,32.0,Clear,Field C
2022-11-03,22:00,Cow_31,4,8,3,0,32.0,Clear,Field B
2022-11-03,22:00,Cow_32,9,8,0,0,32.0,Clear,Field C
2022-11-03,22:00,Cow_33,6,6,3,0,32.0,Clear,Field A
2022-11-03,22:00,Cow_34,10,10,0,0,32.0,Clear,Field A
2022-11-03,22:00,Cow_35,11,0,5,0,32.0,Clear,Field B
2022-11-03,22:00,Cow_36,6,5,4,0,32.0,Clear,Field B
2022-11-03,22:00,Cow_37,5,5,5,0,32.0,Clear,Field B
2022-11-03,22:00,Cow_38,0,10,5,0,32.0,Clear,Field A
2022-11-03,22:00,Cow_39,15,0,10,0,32.0,Clear,Field C
2022-11-03,22:00,Cow_40,12,8,0,0,32.0,Clear,Field A
2022-11-03,22:00,Cow_41,6,5,4,0,32.0,Clear,Field A
2022-11-03,22:00,Cow_42,0,7,10,0,32.0,Clear,Field A
2022-11-03,22:00,Cow_43,6,10,0,0,32.0,Clear,Field A
2022-11-03,22:00,Cow_44,5,4,6,0,32.0,Clear,Field B
2022-11-03,22:00,Cow_45,0,10,7,0,32.0,Clear,Field C
2022-11-03,22:00,Cow_46,6,3,6,0,32.0,Clear,Field C
2022-11-03,22:00,Cow_47,0,0,0,15,32.0,Clear,Field A
2022-11-03,22:00,Cow_48,3,5,7,0,32.0,Clear,Field A
2022-11-03,22:00,Cow_49,9,1,5,0,32.0,Clear,Field A
2022-11-03,22:15,Cow_1,0,0,0,15,34.9,Sunny,Field C
2022-11-03,22:15,Cow_2,6,4,5,0,34.9,Sunny,Field C
2022-11-03,22:15,Cow_3,10,9,0,0,34.9,Sunny,Field C
2022-11-03,22:15,Cow_4,6,4,5,0,34.9,Sunny,Field A
2022-11-03,22:15,Cow_5,12,3,0,0,34.9,Sunny,Field B
2022-11-03,22:15,Cow_6,0,6,10,0,34.9,Sunny,Field B
2022-11-03,22:15,Cow_7,5,6,4,0,34.9,Sunny,Field B
2022-11-03,22:15,Cow_8,3,6,6,0,34.9,Sunny,Field A
2022-11-03,22:15,Cow_9,11,10,0,0,34.9,Sunny,Field A
2022-11-03,22:15,Cow_10,5,5,5,0,34.9,Sunny,Field C
2022-11-03,22:15,Cow_11,10,0,5,0,34.9,Sunny,Field C
2022-11-03,22:15,Cow_12,11,2,2,0,34.9,Sunny,Field B
2022-11-03,22:15,Cow_13,10,0,8,0,34.9,Sunny,Field C
2022-11-03,22:15,Cow_14,10,0,5,0,34.9,Sunny,Field A
2022-11-03,22:15,Cow_15,12,12,0,0,34.9,Sunny,Field C
2022-11-03,22:15,Cow_16,7,4,4,0,34.9,Sunny,Field A
2022-11-03,22:15,Cow_17,5,6,4,0,34.9,Sunny,Field A
2022-11-03,22:15,Cow_18,0,9,6,0,34.9,Sunny,Field A
2022-11-03,22:15,Cow_19,15,11,0,0,34.9,Sunny,Field C
2022-11-03,22:15,Cow_20,5,7,3,0,34.9,Sunny,Field C
2022-11-03,22:15,Cow_21,11,8,0,0,34.9,Sunny,Field B
2022-11-03,22:15,Cow_22,15,4,0,0,34.9,Sunny,Field A
2022-11-03,22:15,Cow_23,13,5,0,0,34.9,Sunny,Field B
2022-11-03,22:15,Cow_24,10,10,0,0,34.9,Sunny,Field B
2022-11-03,22:15,Cow_25,10,4,1,0,34.9,Sunny,Field A
2022-11-03,22:15,Cow_26,5,6,4,0,34.9,Sunny,Field C
2022-11-03,22:15,Cow_27,10,12,0,0,34.9,Sunny,Field B
2022-11-03,22:15,Cow_28,6,6,3,0,34.9,Sunny,Field A
2022-11-03,22:15,Cow_29,2,7,6,0,34.9,Sunny,Field C
2022-11-03,22:15,Cow_30,6,9,0,0,34.9,Sunny,Field B
2022-11-03,22:15,Cow_31,0,0,0,15,34.9,Sunny,Field B
2022-11-03,22:15,Cow_32,0,0,0,15,34.9,Sunny,Field B
2022-11-03,22:15,Cow_33,0,9,7,0,34.9,Sunny,Field C
2022-11-03,22:15,Cow_34,12,9,0,0,34.9,Sunny,Field A
2022-11-03,22:15,Cow_35,11,7,0,0,34.9,Sunny,Field B
2022-11-03,22:15,Cow_36,11,5,0,0,34.9,Sunny,Field C
2022-11-03,22:15,Cow_37,10,10,0,0,34.9,Sunny,Field C
2022-11-03,22:15,Cow_38,12,8,0,0,34.9,Sunny,Field A
2022-11-03,22:15,Cow_39,10,0,10,0,34.9,Sunny,Field A
2022-11-03,22:15,Cow_40,4,9,2,0,34.9,Sunny,Field B
2022-11-03,22:15,Cow_41,5,5,5,0,34.9,Sunny,Field C
2022-11-03,22:15,Cow_42,2,6,7,0,34.9,Sunny,Field A
2022-11-03,22:15,Cow_43,12,8,0,0,34.9,Sunny,Field C
2022-11-03,22:15,Cow_44,12,4,0,0,34.9,Sunny,Field C
2022-11-03,22:15,Cow_45,6,8,1,0,34.9,Sunny,Field A
2022-11-03,22:15,Cow_46,5,5,5,0,34.9,Sunny,Field A
2022-11-03,22:15,Cow_47,12,0,8,0,34.9,Sunny,Field B
2022-11-03,22:15,Cow_48,12,7,0,0,34.9,Sunny,Field B
2022-11-03,22:15,Cow_49,11,0,4,0,34.9,Sunny,Field A
2022-11-03,22:30,Cow_1,8,7,0,0,32.3,Sunny,Field C
2022-11-03,22:30,Cow_2,13,0,3,0,32.3,Sunny,Field B
2022-11-03,22:30,Cow_3,0,0,0,15,32.3,Sunny,Field A
2022-11-03,22:30,Cow_4,5,7,3,0,32.3,Sunny,Field C
2022-11-03,22:30,Cow_5,14,0,3,0,32.3,Sunny,Field C
2022-11-03,22:30,Cow_6,3,8,4,0,32.3,Sunny,Field B
2022-11-03,22:30,Cow_7,13,0,4,0,32.3,Sunny,Field C
2022-11-03,22:30,Cow_8,9,3,3,0,32.3,Sunny,Field B
2022-11-03,22:30,Cow_9,8,1,6,0,32.3,Sunny,Field B
2022-11-03,22:30,Cow_10,4,7,4,0,32.3,Sunny,Field A
2022-11-03,22:30,Cow_11,1,7,7,0,32.3,Sunny,Field A
2022-11-03,22:30,Cow_12,6,5,4,0,32.3,Sunny,Field A
2022-11-03,22:30,Cow_13,9,0,8,0,32.3,Sunny,Field B
2022-11-03,22:30,Cow_14,7,4,4,0,32.3,Sunny,Field A
2022-11-03,22:30,Cow_15,5,12,0,0,32.3,Sunny,Field B
2022-11-03,22:30,Cow_16,11,2,2,0,32.3,Sunny,Field B
2022-11-03,22:30,Cow_17,8,4,3,0,32.3,Sunny,Field A
2022-11-03,22:30,Cow_18,5,4,6,0,32.3,Sunny,Field C
2022-11-03,22:30,Cow_19,15,10,0,0,32.3,Sunny,Field A
2022-11-03,22:30,Cow_20,6,4,5,0,32.3,Sunny,Field A
2022-11-03,22:30,Cow_21,12,0,8,0,32.3,Sunny,Field A
2022-11-03,22:30,Cow_22,11,0,10,0,32.3,Sunny,Field C
2022-11-03,22:30,Cow_23,0,0,0,15,32.3,Sunny,Field C
2022-11-03,22:30,Cow_24,4,8,3,0,32.3,Sunny,Field B
2022-11-03,22:30,Cow_25,7,7,1,0,32.3,Sunny,Field A
2022-11-03,22:30,Cow_26,10,7,0,0,32.3,Sunny,Field C
2022-11-03,22:30,Cow_27,11,0,5,0,32.3,Sunny,Field C
2022-11-03,22:30,Cow_28,6,5,4,0,32.3,Sunny,Field A
2022-11-03,22:30,Cow_29,8,3,4,0,32.3,Sunny,Field B
2022-11-03,22:30,Cow_30,0,0,0,15,32.3,Sunny,Field B
2022-11-03,22:30,Cow_31,13,0,8,0,32.3,Sunny,Field B
2022-11-03,22:30,Cow_32,0,8,8,0,32.3,Sunny,Field C
2022-11-03,22:30,Cow_33,0,0,0,15,32.3,Sunny,Field B
2022-11-03,22:30,Cow_34,14,0,6,0,32.3,Sunny,Field C
2022-11-03,22:30,Cow_35,11,1,3,0,32.3,Sunny,Field B
2022-11-03,22:30,Cow_36,8,0,7,0,32.3,Sunny,Field B
2022-11-03,22:30,Cow_37,0,7,8,0,32.3,Sunny,Field B
2022-11-03,22:30,Cow_38,10,1,4,0,32.3,Sunny,Field C
2022-11-03,22:30,Cow_39,8,5,2,0,32.3,Sunny,Field C
2022-11-03,22:30,Cow_40,9,4,2,0,32.3,Sunny,Field A
2022-11-03,22:30,Cow_41,12,6,0,0,32.3,Sunny,Field C
2022-11-03,22:30,Cow_42,0,10,9,0,32.3,Sunny,Field B
2022-11-03,22:30,Cow_43,9,7,0,0,32.3,Sunny,Field C
2022-11-03,22:30,Cow_44,12,0,4,0,32.3,Sunny,Field B
2022-11-03,22:30,Cow_45,3,7,5,0,32.3,Sunny,Field C
2022-11-03,22:30,Cow_46,1,10,4,0,32.3,Sunny,Field B
2022-11-03,22:30,Cow_47,5,5,5,0,32.3,Sunny,Field C
2022-11-03,22:30,Cow_48,13,0,5,0,32.3,Sunny,Field C
2022-11-03,22:30,Cow_49,5,3,7,0,32.3,Sunny,Field B
2022-11-03,22:45,Cow_1,10,10,0,0,24.7,Clear,Field A
2022-11-03,22:45,Cow_2,11,0,5,0,24.7,Clear,Field C
2022-11-03,22:45,Cow_3,9,3,3,0,24.7,Clear,Field C
2022-11-03,22:45,Cow_4,5,7,3,0,24.7,Clear,Field A
2022-11-03,22:45,Cow_5,0,0,0,15,24.7,Clear,Field B
2022-11-03,22:45,Cow_6,5,4,6,0,24.7,Clear,Field C
2022-11-03,22:45,Cow_7,4,4,7,0,24.7,Clear,Field A
2022-11-03,22:45,Cow_8,3,6,6,0,24.7,Clear,Field A
2022-11-03,22:45,Cow_9,5,3,7,0,24.7,Clear,Field B
2022-11-03,22:45,Cow_10,7,5,3,0,24.7,Clear,Field B
2022-11-03,22:45,Cow_11,13,5,0,0,24.7,Clear,Field B
2022-11-03,22:45,Cow_12,3,4,8,0,24.7,Clear,Field C
2022-11-03,22:45,Cow_13,0,9,8,0,24.7,Clear,Field B
2022-11-03,22:45,Cow_14,8,10,0,0,24.7,Clear,Field C
2022-11-03,22:45,Cow_15,12,0,3,0,24.7,Clear,Field C
2022-11-03,22:45,Cow_16,15,0,3,0,24.7,Clear,Field A
2022-11-03,22:45,Cow_17,12,0,7,0,24.7,Clear,Field B
2022-11-03,22:45,Cow_18,5,7,3,0,24.7,Clear,Field C
2022-11-03,22:45,Cow_19,8,3,4,0,24.7,Clear,Field B
2022-11-03,22:45,Cow_20,10,9,0,0,24.7,Clear,Field B
2022-11-03,22:45,Cow_21,11,0,5,0,24.7,Clear,Field B
2022-11-03,22:45,Cow_22,15,0,6,0,24.7,Clear,Field A
2022-11-03,22:45,Cow_23,9,3,3,0,24.7,Clear,Field B
2022-11-03,22:45,Cow_24,11,0,6,0,24.7,Clear,Field C
2022-11-03,22:45,Cow_25,6,3,6,0,24.7,Clear,Field B
2022-11-03,22:45,Cow_26,10,9,0,0,24.7,Clear,Field B
2022-11-03,22:45,Cow_27,0,10,9,0,24.7,Clear,Field C
2022-11-03,22:45,Cow_28,14,6,0,0,24.7,Clear,Field B
2022-11-03,22:45,Cow_29,3,8,4,0,24.7,Clear,Field A
2022-11-03,22:45,Cow_30,5,7,3,0,24.7,Clear,Field B
2022-11-03,22:45,Cow_31,10,10,0,0,24.7,Clear,Field C
2022-11-03,22:45,Cow_32,11,0,10,0,24.7,Clear,Field B
2022-11-03,22:45,Cow_33,9,1,5,0,24.7,Clear,Field A
2022-11-03,22:45,Cow_34,5,4,6,0,24.7,Clear,Field C
2022-11-03,22:45,Cow_35,5,7,3,0,24.7,Clear,Field B
2022-11-03,22:45,Cow_36,1,9,5,0,24.7,Clear,Field B
2022-11-03,22:45,Cow_37,12,8,0,0,24.7,Clear,Field B
2022-11-03,22:45,Cow_38,6,4,5,0,24.7,Clear,Field A
2022-11-03,22:45,Cow_39,7,3,5,0,24.7,Clear,Field A
2022-11-03,22:45,Cow_40,8,5,2,0,24.7,Clear,Field A
2022-11-03,22:45,Cow_41,14,6,0,0,24.7,Clear,Field A
2022-11-03,22:45,Cow_42,13,0,10,0,24.7,Clear,Field A
2022-11-03,22:45,Cow_43,5,4,6,0,24.7,Clear,Field C
2022-11-03,22:45,Cow_44,7,0,8,0,24.7,Clear,Field A
2022-11-03,22:45,Cow_45,8,1,6,0,24.7,Clear,Field B
2022-11-03,22:45,Cow_46,12,0,8,0,24.7,Clear,Field B
2022-11-03,22:45,Cow_47,11,1,3,0,24.7,Clear,Field A
2022-11-03,22:45,Cow_48,11,10,0,0,24.7,Clear,Field B
2022-11-03,22:45,Cow_49,8,9,0,0,24.7,Clear,Field A
2022-11-03,23:00,Cow_1,12,0,3,0,28.6,Clear,Field B
2022-11-03,23:00,Cow_2,0,0,0,15,28.6,Clear,Field C
2022-11-03,23:00,Cow_3,0,0,0,15,28.6,Clear,Field C
2022-11-03,23:00,Cow_4,12,10,0,0,28.6,Clear,Field A
2022-11-03,23:00,Cow_5,3,7,5,0,28.6,Clear,Field A
2022-11-03,23:00,Cow_6,11,3,1,0,28.6,Clear,Field A
2022-11-03,23:00,Cow_7,11,0,6,0,28.6,Clear,Field A
2022-11-03,23:00,Cow_8,8,3,4,0,28.6,Clear,Field B
2022-11-03,23:00,Cow_9,8,10,0,0,28.6,Clear,Field A
2022-11-03,23:00,Cow_10,7,10,0,0,28.6,Clear,Field C
2022-11-03,23:00,Cow_11,12,3,0,0,28.6,Clear,Field C
2022-11-03,23:00,Cow_12,10,7,0,0,28.6,Clear,Field B
2022-11-03,23:00,Cow_13,8,5,2,0,28.6,Clear,Field B
2022-11-03,23:00,Cow_14,0,0,0,15,28.6,Clear,Field C
2022-11-03,23:00,Cow_15,15,0,4,0,28.6,Clear,Field B
2022-11-03,23:00,Cow_16,15,0,9,0,28.6,Clear,Field B
2022-11-03,23:00,Cow_17,2,9,4,0,28.6,Clear,Field C
2022-11-03,23:00,Cow_18,10,8,0,0,28.6,Clear,Field C
2022-11-03,23:00,Cow_19,0,0,0,15,28.6,Clear,Field A
2022-11-03,23:00,Cow_20,5,9,1,0,28.6,Clear,Field A
2022-11-03,23:00,Cow_21,1,9,5,0,28.6,Clear,Field C
2022-11-03,23:00,Cow_22,0,10,10,0,28.6,Clear,Field C
2022-11-03,23:00,Cow_23,0,0,0,15,28.6,Clear,Field B
2022-11-03,23:00,Cow_24,0,9,8,0,28.6,Clear,Field B
2022-11-03,23:00,Cow_25,3,6,6,0,28.6,Clear,Field A
2022-11-03,23:00,Cow_26,5,7,3,0,28.6,Clear,Field B
2022-11-03,23:00,Cow_27,11,2,2,0,28.6,Clear,Field C
2022-11-03,23:00,Cow_28,8,4,3,0,28.6,Clear,Field A
2022-11-03,23:00,Cow_29,8,7,0,0,28.6,Clear,Field C
2022-11-03,23:00,Cow_30,4,5,6,0,28.6,Clear,Field B
2022-11-03,23:00,Cow_31,11,0,5,0,28.6,Clear,Field B
2022-11-03,23:00,Cow_32,0,10,10,0,28.6,Clear,Field A
2022-11-03,23:00,Cow_33,2,9,4,0,28.6,Clear,Field C
2022-11-03,23:00,Cow_34,11,0,4,0,28.6,Clear,Field B
2022-11-03,23:00,Cow_35,14,10,0,0,28.6,Clear,Field A
2022-11-03,23:00,Cow_36,0,10,6,0,28.6,Clear,Field B
2022-11-03,23:00,Cow_37,2,9,4,0,28.6,Clear,Field C
2022-11-03,23:00,Cow_38,0,10,5,0,28.6,Clear,Field B
2022-11-03,23:00,Cow_39,6,0,10,0,28.6,Clear,Field C
2022-11-03,23:00,Cow_40,12,10,0,0,28.6,Clear,Field B
2022-11-03,23:00,Cow_41,10,0,7,0,28.6,Clear,Field B
2022-11-03,23:00,Cow_42,9,5,1,0,28.6,Clear,Field C
2022-11-03,23:00,Cow_43,5,4,6,0,28.6,Clear,Field A
2022-11-03,23:00,Cow_44,6,9,0,0,28.6,Clear,Field C
2022-11-03,23:00,Cow_45,4,4,7,0,28.6,Clear,Field C
2022-11-03,23:00,Cow_46,7,5,3,0,28.6,Clear,Field B
2022-11-03,23:00,Cow_47,9,2,4,0,28.6,Clear,Field B
2022-11-03,23:00,Cow_48,13,10,0,0,28.6,Clear,Field C
2022-11-03,23:00,Cow_49,11,10,0,0,28.6,Clear,Field A
2022-11-03,23:15,Cow_1,6,3,6,0,34.6,Clear,Field C
2022-11-03,23:15,Cow_2,10,8,0,0,34.6,Clear,Field C
2022-11-03,23:15,Cow_3,12,5,0,0,34.6,Clear,Field A
2022-11-03,23:15,Cow_4,7,1,7,0,34.6,Clear,Field B
2022-11-03,23:15,Cow_5,8,10,0,0,34.6,Clear,Field A
2022-11-03,23:15,Cow_6,5,6,4,0,34.6,Clear,Field C
2022-11-03,23:15,Cow_7,6,4,5,0,34.6,Clear,Field B
2022-11-03,23:15,Cow_8,11,12,0,0,34.6,Clear,Field A
2022-11-03,23:15,Cow_9,13,8,0,0,34.6,Clear,Field C
2022-11-03,23:15,Cow_10,12,5,0,0,34.6,Clear,Field A
2022-11-03,23:15,Cow_11,6,4,5,0,34.6,Clear,Field C
2022-11-03,23:15,Cow_12,13,7,0,0,34.6,Clear,Field C
2022-11-03,23:15,Cow_13,13,0,5,0,34.6,Clear,Field C
2022-11-03,23:15,Cow_14,0,10,5,0,34.6,Clear,Field A
2022-11-03,23:15,Cow_15,0,9,8,0,34.6,Clear,Field A
2022-11-03,23:15,Cow_16,0,12,10,0,34.6,Clear,Field C
2022-11-03,23:15,Cow_17,1,6,8,0,34.6,Clear,Field A
2022-11-03,23:15,Cow_18,7,1,7,0,34.6,Clear,Field B
2022-11-03,23:15,Cow_19,13,0,5,0,34.6,Clear,Field A
2022-11-03,23:15,Cow_20,10,10,0,0,34.6,Clear,Field B
2022-11-03,23:15,Cow_21,5,10,0,0,34.6,Clear,Field A
2022-11-03,23:15,Cow_22,9,12,0,0,34.6,Clear,Field B
2022-11-03,23:15,Cow_23,5,7,3,0,34.6,Clear,Field A
2022-11-03,23:15,Cow_24,5,3,7,0,34.6,Clear,Field C
2022-11-03,23:15,Cow_25,14,4,0,0,34.6,Clear,Field A
2022-11-03,23:15,Cow_26,6,3,6,0,34.6,Clear,Field C
2022-11-03,23:15,Cow_27,6,8,1,0,34.6,Clear,Field B
2022-11-03,23:15,Cow_28,9,0,8,0,34.6,Clear,Field B
2022-11-03,23:15,Cow_29,1,9,5,0,34.6,Clear,Field C
2022-11-03,23:15,Cow_30,1,6,8,0,34.6,Clear,Field C
2022-11-03,23:15,Cow_31,7,4,4,0,34.6,Clear,Field C
2022-11-03,23:15,Cow_32,13,10,0,0,34.6,Clear,Field B
2022-11-03,23:15,Cow_33,0,10,5,0,34.6,Clear,Field C
2022-11-03,23:15,Cow_34,0,10,6,0,34.6,Clear,Field B
2022-11-03,23:15,Cow_35,6,6,3,0,34.6,Clear,Field B
2022-11-03,23:15,Cow_36,5,9,1,0,34.6,Clear,Field C
2022-11-03,23:15,Cow_37,0,10,8,0,34.6,Clear,Field A
2022-11-03,23:15,Cow_38,6,9,0,0,34.6,Clear,Field A
2022-11-03,23:15,Cow_39,6,4,5,0,34.6,Clear,Field C
2022-11-03,23:15,Cow_40,12,1,2,0,34.6,Clear,Field B
2022-11-03,23:15,Cow_41,3,4,8,0,34.6,Clear,Field C
2022-11-03,23:15,Cow_42,12,3,0,0,34.6,Clear,Field A
2022-11-03,23:15,Cow_43,14,0,5,0,34.6,Clear,Field B
2022-11-03,23:15,Cow_44,4,4,7,0,34.6,Clear,Field C
2022-11-03,23:15,Cow_45,3,9,3,0,34.6,Clear,Field B
2022-11-03,23:15,Cow_46,10,9,0,0,34.6,Clear,Field A
2022-11-03,23:15,Cow_47,9,0,8,0,34.6,Clear,Field C
2022-11-03,23:15,Cow_48,8,9,0,0,34.6,Clear,Field A
2022-11-03,23:15,Cow_49,6,5,4,0,34.6,Clear,Field A
2022-11-03,23:30,Cow_1,5,3,7,0,34.4,Clear,Field A
2022-11-03,23:30,Cow_2,2,9,4,0,34.4,Clear,Field C
2022-11-03,23:30,Cow_3,5,3,7,0,34.4,Clear,Field C
2022-11-03,23:30,Cow_4,7,4,4,0,34.4,Clear,Field C
2022-11-03,23:30,Cow_5,0,0,0,15,34.4,Clear,Field B
2022-11-03,23:30,Cow_6,3,6,6,0,34.4,Clear,Field A
2022-11-03,23:30,Cow_7,2,9,4,0,34.4,Clear,Field C
2022-11-03,23:30,Cow_8,0,11,4,0,34.4,Clear,Field C
2022-11-03,23:30,Cow_9,9,10,0,0,34.4,Clear,Field C
2022-11-03,23:30,Cow_10,0,8,7,0,34.4,Clear,Field C
2022-11-03,23:30,Cow_11,5,3,7,0,34.4,Clear,Field C
2022-11-03,23:30,Cow_12,15,0,4,0,34.4,Clear,Field C
2022-11-03,23:30,Cow_13,6,6,3,0,34.4,Clear,Field C
2022-11-03,23:30,Cow_14,5,3,7,0,34.4,Clear,Field A
2022-11-03,23:30,Cow_15,8,8,0,0,34.4,Clear,Field C
2022-11-03,23:30,Cow_16,13,10,0,0,34.4,Clear,Field B
2022-11-03,23:30,Cow_17,4,7,4,0,34.4,Clear,Field C
2022-11-03,23:30,Cow_18,0,9,8,0,34.4,Clear,Field C
2022-11-03,23:30,Cow_19,5,5,5,0,34.4,Clear,Field C
2022-11-03,23:30,Cow_20,4,3,8,0,34.4,Clear,Field B
2022-11-03,23:30,Cow_21,12,0,4,0,34.4,Clear,Field A
2022-11-03,23:30,Cow_22,0,0,0,15,34.4,Clear,Field C
2022-11-03,23:30,Cow_23,13,3,0,0,34.4,Clear,Field A
2022-11-03,23:30,Cow_24,5,8,2,0,34.4,Clear,Field C
2022-11-03,23:30,Cow_25,6,10,0,0,34.4,Clear,Field C
2022-11-03,23:30,Cow_26,9,10,0,0,34.4,Clear,Field A
2022-11-03,23:30,Cow_27,3,10,2,0,34.4,Clear,Field B
2022-11-03,23:30,Cow_28,12,3,0,0,34.4,Clear,Field C
2022-11-03,23:30,Cow_29,8,3,4,0,34.4,Clear,Field C
2022-11-03,23:30,Cow_30,4,4,7,0,34.4,Clear,Field C
2022-11-03,23:30,Cow_31,5,4,6,0,34.4,Clear,Field A
2022-11-03,23:30,Cow_32,7,6,2,0,34.4,Clear,Field C
2022-11-03,23:30,Cow_33,11,1,3,0,34.4,Clear,Field C
2022-11-03,23:30,Cow_34,7,4,4,0,34.4,Clear,Field A
2022-11-03,23:30,Cow_35,5,4,6,0,34.4,Clear,Field C
2022-11-03,23:30,Cow_36,5,7,3,0,34.4,Clear,Field B
2022-11-03,23:30,Cow_37,13,0,7,0,34.4,Clear,Field B
2022-11-03,23:30,Cow_38,8,3,4,0,34.4,Clear,Field C
2022-11-03,23:30,Cow_39,15,9,0,0,34.4,Clear,Field A
2022-11-03,23:30,Cow_40,5,0,10,0,34.4,Clear,Field A
2022-11-03,23:30,Cow_41,5,6,4,0,34.4,Clear,Field B
2022-11-03,23:30,Cow_42,9,12,0,0,34.4,Clear,Field C
2022-11-03,23:30,Cow_43,13,7,0,0,34.4,Clear,Field B
2022-11-03,23:30,Cow_44,0,0,0,15,34.4,Clear,Field B
2022-11-03,23:30,Cow_45,6,10,0,0,34.4,Clear,Field A
2022-11-03,23:30,Cow_46,12,0,8,0,34.4,Clear,Field C
2022-11-03,23:30,Cow_47,9,2,4,0,34.4,Clear,Field B
2022-11-03,23:30,Cow_48,9,2,4,0,34.4,Clear,Field A
2022-11-03,23:30,Cow_49,0,10,6,0,34.4,Clear,Field A
2022-11-03,23:45,Cow_1,3,8,4,0,36.9,Clear,Field A
2022-11-03,23:45,Cow_2,0,0,0,15,36.9,Clear,Field C
2022-11-03,23:45,Cow_3,8,4,3,0,36.9,Clear,Field A
2022-11-03,23:45,Cow_4,11,10,0,0,36.9,Clear,Field A
2022-11-03,23:45,Cow_5,5,7,3,0,36.9,Clear,Field C
2022-11-03,23:45,Cow_6,8,4,3,0,36.9,Clear,Field A
2022-11-03,23:45,Cow_7,11,0,4,0,36.9,Clear,Field A
2022-11-03,23:45,Cow_8,10,10,0,0,36.9,Clear,Field B
2022-11-03,23:45,Cow_9,7,2,6,0,36.9,Clear,Field B
2022-11-03,23:45,Cow_10,6,8,1,0,36.9,Clear,Field C
2022-11-03,23:45,Cow_11,13,8,0,0,36.9,Clear,Field B
2022-11-03,23:45,Cow_12,6,4,5,0,36.9,Clear,Field A
2022-11-03,23:45,Cow_13,13,0,3,0,36.9,Clear,Field B
2022-11-03,23:45,Cow_14,5,3,7,0,36.9,Clear,Field C
2022-11-03,23:45,Cow_15,15,0,5,0,36.9,Clear,Field B
2022-11-03,23:45,Cow_16,13,10,0,0,36.9,Clear,Field A
2022-11-03,23:45,Cow_17,7,5,3,0,36.9,Clear,Field C
2022-11-03,23:45,Cow_18,9,0,7,0,36.9,Clear,Field B
2022-11-03,23:45,Cow_19,2,11,2,0,36.9,Clear,Field C
2022-11-03,23:45,Cow_20,12,0,4,0,36.9,Clear,Field C
2022-11-03,23:45,Cow_21,0,0,0,15,36.9,Clear,Field C
2022-11-03,23:45,Cow_22,7,0,10,0,36.9,Clear,Field A
2022-11-03,23:45,Cow_23,13,0,8,0,36.9,Clear,Field C
2022-11-03,23:45,Cow_24,5,2,8,0,36.9,Clear,Field B
2022-11-03,23:45,Cow_25,10,6,0,0,36.9,Clear,Field B
2022-11-03,23:45,Cow_26,0,0,0,15,36.9,Clear,Field B
2022-11-03,23:45,Cow_27,9,0,8,0,36.9,Clear,Field A
2022-11-03,23:45,Cow_28,6,6,3,0,36.9,Clear,Field A
2022-11-03,23:45,Cow_29,12,6,0,0,36.9,Clear,Field A
2022-11-03,23:45,Cow_30,1,7,7,0,36.9,Clear,Field B
2022-11-03,23:45,Cow_31,6,5,4,0,36.9,Clear,Field C
2022-11-03,23:45,Cow_32,0,0,0,15,36.9,Clear,Field A
2022-11-03,23:45,Cow_33,14,0,5,0,36.9,Clear,Field A
2022-11-03,23:45,Cow_34,4,4,7,0,36.9,Clear,Field B
2022-11-03,23:45,Cow_35,7,5,3,0,36.9,Clear,Field A
2022-11-03,23:45,Cow_36,11,0,6,0,36.9,Clear,Field C
2022-11-03,23:45,Cow_37,14,0,7,0,36.9,Clear,Field C
2022-11-03,23:45,Cow_38,3,7,5,0,36.9,Clear,Field C
2022-11-03,23:45,Cow_39,0,0,0,15,36.9,Clear,Field A
2022-11-03,23:45,Cow_40,10,7,0,0,36.9,Clear,Field B
2022-11-03,23:45,Cow_41,1,6,8,0,36.9,Clear,Field A
2022-11-03,23:45,Cow_42,11,10,0,0,36.9,Clear,Field C
2022-11-03,23:45,Cow_43,0,0,0,15,36.9,Clear,Field C
2022-11-03,23:45,Cow_44,7,4,4,0,36.9,Clear,Field A
2022-11-03,23:45,Cow_45,11,0,8,0,36.9,Clear,Field C
2022-11-03,23:45,Cow_46,2,6,7,0,36.9,Clear,Field B
2022-11-03,23:45,Cow_47,8,8,0,0,36.9,Clear,Field A
2022-11-03,23:45,Cow_48,3,9,3,0,36.9,Clear,Field A
2022-11-03,23:45,Cow_49,10,3,2,0,36.9,Clear,Field A
